       0   163.530 
      50   165.433 
     100   164.530 
     150   165.813 
     200   169.406 
     250   166.966 
     300   161.285 
     350   166.727 
     400   161.404 
     450   165.951 
     500   167.096 
     550   163.549 
     600   167.470 
     650   163.889 
     700   166.657 
     750   167.415 
     800   164.189 
     850   167.153 
     900   166.845 
     950   164.774 
    1000   169.177 
    1050   170.170 
    1100   164.007 
    1150   169.209 
    1200   161.183 
    1250   166.157 
    1300   169.339 
    1350   165.275 
    1400   166.262 
    1450   161.500 
    1500   167.059 
    1550   173.373 
    1600   160.733 
    1650   164.107 
    1700   166.304 
    1750   168.476 
    1800   169.737 
    1850   160.763 
    1900   164.565 
    1950   167.636 
    2000   169.098 
    2050   165.876 
    2100   163.529 
    2150   170.413 
    2200   165.359 
    2250   163.569 
    2300   167.990 
    2350   164.945 
    2400   169.806 
    2450   164.737 
    2500   164.640 
    2550   164.381 
    2600   164.892 
    2650   166.196 
    2700   164.793 
    2750   166.499 
    2800   165.517 
    2850   165.156 
    2900   164.381 
    2950   163.647 
    3000   163.000 
    3050   162.959 
    3100   163.483 
    3150   164.218 
    3200   168.197 
    3250   165.001 
    3300   165.988 
    3350   165.122 
    3400   167.253 
    3450   167.595 
    3500   164.066 
    3550   163.620 
    3600   166.196 
    3650   166.385 
    3700   165.900 
    3750   163.633 
    3800   166.609 
    3850   163.366 
    3900   164.597 
    3950   167.270 
    4000   163.462 
    4050   163.873 
    4100   165.809 
    4150   166.672 
    4200   170.063 
    4250   163.052 
    4300   164.159 
    4350   167.163 
    4400   164.405 
    4450   168.015 
    4500   165.978 
    4550   167.592 
    4600   166.633 
    4650   164.588 
    4700   160.651 
    4750   166.359 
    4800   166.033 
    4850   166.760 
    4900   167.405 
    4950   159.841 
    5000   165.754 
    5050   167.015 
    5100   165.941 
    5150   161.654 
    5200   163.384 
    5250   171.407 
    5300   162.960 
    5350   165.017 
    5400   166.571 
    5450   166.026 
    5500   166.642 
    5550   167.157 
    5600   164.690 
    5650   163.750 
    5700   166.222 
    5750   164.516 
    5800   167.205 
    5850   167.131 
    5900   164.627 
    5950   166.667 
    6000   162.347 
    6050   165.823 
    6100   165.640 
    6150   169.467 
    6200   168.095 
    6250   162.541 
    6300   164.761 
    6350   163.073 
    6400   170.589 
    6450   167.506 
    6500   163.732 
    6550   162.297 
    6600   166.828 
    6650   171.334 
    6700   163.408 
    6750   165.583 
    6800   161.143 
    6850   168.005 
    6900   170.521 
    6950   162.906 
    7000   166.757 
    7050   162.641 
    7100   168.636 
    7150   166.710 
    7200   163.954 
    7250   165.248 
    7300   166.880 
    7350   169.951 
    7400   166.696 
    7450   166.309 
    7500   165.539 
    7550   165.194 
    7600   167.040 
    7650   165.383 
    7700   167.100 
    7750   160.387 
    7800   166.502 
    7850   166.372 
    7900   162.502 
    7950   171.018 
    8000   165.745 
    8050   166.552 
    8100   163.700 
    8150   164.981 
    8200   169.322 
    8250   161.743 
    8300   167.744 
    8350   163.359 
    8400   162.796 
    8450   164.156 
    8500   166.421 
    8550   170.073 
    8600   167.433 
    8650   165.107 
    8700   161.350 
    8750   169.074 
    8800   169.287 
    8850   165.181 
    8900   165.917 
    8950   163.769 
    9000   164.918 
    9050   163.555 
    9100   167.142 
    9150   166.012 
    9200   165.291 
    9250   165.276 
    9300   163.104 
    9350   165.603 
    9400   168.502 
    9450   164.917 
    9500   165.229 
    9550   164.069 
    9600   166.094 
    9650   163.365 
    9700   166.080 
    9750   169.427 
    9800   164.154 
    9850   163.095 
    9900   167.122 
    9950   161.409 
   10000   163.546 
   10050   167.058 
   10100   166.407 
   10150   163.039 
   10200   164.945 
   10250   164.262 
   10300   163.685 
   10350   166.204 
   10400   168.482 
   10450   167.643 
   10500   165.158 
   10550   163.021 
   10600   168.699 
   10650   167.781 
   10700   161.730 
   10750   164.050 
   10800   165.677 
   10850   167.261 
   10900   168.920 
   10950   164.215 
   11000   164.912 
   11050   165.588 
   11100   165.712 
   11150   164.031 
   11200   170.805 
   11250   167.341 
   11300   167.046 
   11350   162.743 
   11400   167.043 
   11450   166.731 
   11500   165.794 
   11550   162.137 
   11600   165.576 
   11650   165.952 
   11700   165.872 
   11750   165.133 
   11800   160.918 
   11850   165.853 
   11900   163.834 
   11950   170.462 
   12000   165.448 
   12050   162.589 
   12100   164.279 
   12150   170.990 
   12200   167.944 
   12250   163.122 
   12300   163.893 
   12350   164.212 
   12400   169.437 
   12450   169.869 
   12500   162.680 
   12550   159.475 
   12600   167.511 
   12650   170.903 
   12700   160.318 
   12750   164.027 
   12800   162.666 
   12850   162.220 
   12900   167.453 
   12950   165.426 
   13000   162.625 
   13050   162.916 
   13100   164.351 
   13150   167.755 
   13200   164.605 
   13250   165.886 
   13300   164.761 
   13350   166.262 
   13400   168.443 
   13450   164.410 
   13500   161.350 
   13550   165.196 
   13600   170.418 
   13650   167.926 
   13700   164.063 
   13750   160.543 
   13800   163.742 
   13850   166.662 
   13900   166.448 
   13950   164.056 
   14000   165.506 
   14050   162.111 
   14100   167.794 
   14150   168.850 
   14200   169.238 
   14250   161.293 
   14300   167.491 
   14350   169.364 
   14400   168.628 
   14450   171.286 
   14500   161.329 
   14550   166.329 
   14600   166.944 
   14650   168.760 
   14700   169.199 
   14750   160.479 
   14800   160.962 
   14850   169.647 
   14900   163.585 
   14950   163.938 
   15000   162.880 
   15050   166.965 
   15100   165.843 
   15150   163.910 
   15200   167.896 
   15250   166.700 
   15300   166.596 
   15350   165.312 
   15400   164.250 
   15450   167.683 
   15500   165.719 
   15550   163.243 
   15600   164.271 
   15650   163.757 
   15700   166.937 
   15750   164.672 
   15800   164.285 
   15850   167.931 
   15900   168.356 
   15950   164.646 
   16000   164.972 
   16050   164.601 
   16100   163.028 
   16150   167.640 
   16200   167.529 
   16250   164.004 
   16300   163.257 
   16350   167.061 
   16400   167.319 
   16450   163.698 
   16500   162.486 
   16550   162.476 
   16600   167.930 
   16650   165.469 
   16700   165.694 
   16750   164.879 
   16800   159.915 
   16850   164.987 
   16900   166.790 
   16950   169.885 
   17000   164.130 
   17050   166.707 
   17100   166.425 
   17150   167.512 
   17200   166.774 
   17250   161.734 
   17300   168.113 
   17350   164.718 
   17400   162.615 
   17450   165.016 
   17500   161.935 
   17550   166.612 
   17600   166.639 
   17650   163.454 
   17700   162.671 
   17750   166.612 
   17800   166.614 
   17850   164.704 
   17900   167.298 
   17950   165.350 
   18000   166.666 
   18050   167.654 
   18100   161.013 
   18150   165.528 
   18200   170.486 
   18250   165.175 
   18300   165.545 
   18350   167.233 
   18400   163.046 
   18450   163.538 
   18500   167.876 
   18550   168.159 
   18600   166.803 
   18650   166.678 
   18700   164.353 
   18750   166.308 
   18800   168.717 
   18850   162.631 
   18900   167.297 
   18950   166.485 
   19000   165.167 
   19050   167.334 
   19100   166.143 
   19150   167.033 
   19200   167.962 
   19250   164.087 
   19300   166.593 
   19350   165.824 
   19400   162.587 
   19450   165.777 
   19500   166.255 
   19550   165.998 
   19600   164.262 
   19650   165.005 
   19700   167.035 
   19750   164.212 
   19800   164.874 
   19850   164.995 
   19900   165.991 
   19950   165.429 
   20000   163.966 
   20050   164.129 
   20100   165.839 
   20150   167.230 
   20200   167.183 
   20250   164.616 
   20300   163.256 
   20350   167.849 
   20400   169.902 
   20450   166.535 
   20500   163.207 
   20550   163.037 
   20600   168.531 
   20650   167.781 
   20700   166.042 
   20750   166.147 
   20800   166.406 
   20850   162.874 
   20900   166.706 
   20950   168.546 
   21000   166.221 
   21050   163.540 
   21100   162.981 
   21150   163.811 
   21200   168.055 
   21250   168.444 
   21300   165.134 
   21350   166.169 
   21400   166.599 
   21450   168.265 
   21500   163.093 
   21550   168.602 
   21600   168.046 
   21650   162.850 
   21700   165.401 
   21750   163.632 
   21800   165.781 
   21850   168.151 
   21900   162.885 
   21950   164.021 
   22000   163.324 
   22050   166.387 
   22100   167.166 
   22150   167.938 
   22200   166.115 
   22250   163.704 
   22300   166.715 
   22350   172.727 
   22400   164.467 
   22450   161.815 
   22500   162.372 
   22550   169.822 
   22600   168.088 
   22650   164.338 
   22700   164.143 
   22750   163.446 
   22800   166.785 
   22850   168.317 
   22900   170.144 
   22950   167.203 
   23000   163.122 
   23050   168.626 
   23100   166.726 
   23150   168.011 
   23200   165.995 
   23250   161.448 
   23300   169.866 
   23350   164.294 
   23400   165.113 
   23450   166.881 
   23500   163.572 
   23550   163.652 
   23600   166.565 
   23650   167.076 
   23700   167.851 
   23750   159.652 
   23800   165.703 
   23850   167.559 
   23900   168.467 
   23950   168.279 
   24000   162.003 
   24050   165.297 
   24100   161.623 
   24150   164.008 
   24200   168.825 
   24250   168.477 
   24300   163.856 
   24350   164.480 
   24400   164.659 
   24450   165.536 
   24500   168.103 
   24550   164.788 
   24600   168.051 
   24650   167.843 
   24700   165.009 
   24750   165.446 
   24800   163.288 
   24850   168.533 
   24900   166.978 
   24950   167.221 
   25000   166.347 
   25050   166.831 
   25100   166.879 
   25150   165.000 
   25200   164.050 
   25250   163.412 
   25300   165.205 
   25350   165.951 
   25400   164.587 
   25450   163.021 
   25500   166.475 
   25550   165.884 
   25600   166.091 
   25650   164.699 
   25700   164.697 
   25750   165.900 
   25800   167.631 
   25850   168.210 
   25900   166.150 
   25950   163.698 
   26000   167.144 
   26050   168.759 
   26100   166.296 
   26150   165.070 
   26200   165.195 
   26250   164.213 
   26300   167.897 
   26350   168.391 
   26400   162.781 
   26450   168.417 
   26500   160.693 
   26550   168.788 
   26600   169.324 
   26650   162.773 
   26700   164.846 
   26750   164.260 
   26800   166.517 
   26850   164.080 
   26900   169.824 
   26950   164.697 
   27000   164.779 
   27050   166.717 
   27100   165.796 
   27150   170.661 
   27200   161.260 
   27250   165.597 
   27300   163.224 
   27350   167.930 
   27400   164.251 
   27450   161.024 
   27500   165.174 
   27550   158.689 
   27600   169.944 
   27650   164.579 
   27700   165.771 
   27750   165.422 
   27800   163.919 
   27850   165.144 
   27900   164.780 
   27950   164.345 
   28000   164.669 
   28050   166.259 
   28100   165.824 
   28150   164.123 
   28200   165.874 
   28250   162.783 
   28300   165.662 
   28350   170.313 
   28400   164.714 
   28450   164.928 
   28500   164.090 
   28550   164.193 
   28600   166.795 
   28650   168.669 
   28700   162.911 
   28750   158.978 
   28800   164.334 
   28850   167.392 
   28900   169.100 
   28950   163.637 
   29000   164.517 
   29050   167.279 
   29100   165.383 
   29150   168.275 
   29200   164.881 
   29250   161.885 
   29300   169.261 
   29350   166.385 
   29400   168.680 
   29450   165.486 
   29500   162.664 
   29550   166.978 
   29600   161.837 
   29650   169.273 
   29700   167.740 
   29750   169.195 
   29800   165.299 
   29850   160.989 
   29900   169.466 
   29950   167.380 
   30000   166.429 
   30050   164.023 
   30100   163.832 
   30150   165.800 
   30200   169.360 
   30250   166.516 
   30300   164.541 
   30350   165.352 
   30400   162.763 
   30450   165.442 
   30500   167.912 
   30550   166.210 
   30600   167.620 
   30650   163.587 
   30700   166.509 
   30750   164.597 
   30800   166.272 
   30850   164.884 
   30900   163.230 
   30950   163.782 
   31000   165.605 
   31050   166.170 
   31100   162.765 
   31150   163.235 
   31200   163.781 
   31250   167.590 
   31300   167.439 
   31350   160.559 
   31400   167.120 
   31450   168.853 
   31500   166.601 
   31550   165.099 
   31600   163.663 
   31650   167.179 
   31700   170.707 
   31750   167.194 
   31800   164.141 
   31850   166.362 
   31900   164.651 
   31950   164.628 
   32000   167.978 
   32050   166.859 
   32100   163.396 
   32150   164.799 
   32200   162.570 
   32250   164.589 
   32300   168.497 
   32350   163.943 
   32400   164.609 
   32450   165.515 
   32500   165.466 
   32550   167.790 
   32600   165.052 
   32650   160.136 
   32700   166.124 
   32750   166.731 
   32800   163.410 
   32850   166.651 
   32900   163.077 
   32950   164.103 
   33000   167.245 
   33050   166.342 
   33100   164.561 
   33150   163.991 
   33200   161.292 
   33250   165.377 
   33300   165.927 
   33350   166.958 
   33400   166.628 
   33450   164.036 
   33500   167.290 
   33550   167.274 
   33600   163.593 
   33650   161.682 
   33700   165.876 
   33750   166.413 
   33800   167.463 
   33850   164.353 
   33900   163.654 
   33950   163.741 
   34000   167.503 
   34050   168.574 
   34100   166.354 
   34150   166.930 
   34200   165.983 
   34250   163.913 
   34300   169.116 
   34350   165.807 
   34400   163.212 
   34450   166.453 
   34500   167.042 
   34550   164.012 
   34600   164.904 
   34650   166.815 
   34700   164.621 
   34750   163.768 
   34800   170.201 
   34850   163.676 
   34900   161.402 
   34950   165.443 
   35000   171.626 
   35050   167.305 
   35100   165.601 
   35150   161.519 
   35200   166.502 
   35250   166.840 
   35300   165.587 
   35350   167.340 
   35400   159.646 
   35450   170.566 
   35500   170.162 
   35550   162.566 
   35600   163.984 
   35650   164.181 
   35700   162.850 
   35750   164.657 
   35800   171.014 
   35850   163.712 
   35900   161.993 
   35950   166.185 
   36000   167.020 
   36050   165.926 
   36100   164.053 
   36150   165.025 
   36200   164.756 
   36250   166.756 
   36300   166.666 
   36350   161.402 
   36400   164.267 
   36450   168.194 
   36500   168.670 
   36550   162.495 
   36600   166.625 
   36650   170.487 
   36700   164.120 
   36750   164.393 
   36800   164.034 
   36850   165.261 
   36900   165.421 
   36950   165.536 
   37000   165.387 
   37050   165.845 
   37100   165.109 
   37150   162.356 
   37200   164.396 
   37250   166.125 
   37300   164.898 
   37350   170.003 
   37400   167.140 
   37450   169.182 
   37500   163.510 
   37550   167.581 
   37600   168.595 
   37650   165.778 
   37700   166.030 
   37750   162.747 
   37800   163.123 
   37850   167.702 
   37900   166.307 
   37950   161.359 
   38000   163.801 
   38050   167.137 
   38100   163.305 
   38150   167.021 
   38200   161.310 
   38250   168.132 
   38300   170.535 
   38350   166.451 
   38400   163.661 
   38450   163.123 
   38500   165.927 
   38550   166.491 
   38600   165.601 
   38650   163.214 
   38700   164.454 
   38750   164.611 
   38800   163.912 
   38850   166.391 
   38900   163.993 
   38950   168.002 
   39000   163.897 
   39050   165.146 
   39100   167.476 
   39150   166.184 
   39200   164.313 
   39250   164.994 
   39300   163.692 
   39350   165.289 
   39400   167.056 
   39450   166.741 
   39500   161.956 
   39550   164.397 
   39600   167.155 
   39650   165.010 
   39700   165.088 
   39750   165.942 
   39800   161.344 
   39850   164.522 
   39900   168.383 
   39950   167.704 
   40000   165.404 
   40050   165.583 
   40100   164.975 
   40150   164.213 
   40200   167.647 
   40250   165.386 
   40300   164.457 
   40350   169.840 
   40400   165.442 
   40450   164.232 
   40500   165.055 
   40550   167.365 
   40600   167.639 
   40650   167.401 
   40700   167.295 
   40750   164.503 
   40800   164.046 
   40850   167.010 
   40900   167.431 
   40950   166.195 
   41000   164.066 
   41050   168.608 
   41100   164.643 
   41150   166.319 
   41200   169.182 
   41250   167.062 
   41300   166.482 
   41350   164.405 
   41400   166.309 
   41450   168.229 
   41500   164.421 
   41550   165.078 
   41600   167.068 
   41650   163.171 
   41700   167.754 
   41750   168.976 
   41800   163.992 
   41850   161.981 
   41900   166.380 
   41950   174.256 
   42000   164.247 
   42050   164.903 
   42100   165.057 
   42150   166.622 
   42200   171.126 
   42250   162.350 
   42300   167.137 
   42350   165.398 
   42400   166.389 
   42450   162.595 
   42500   164.435 
   42550   166.789 
   42600   165.497 
   42650   165.748 
   42700   165.929 
   42750   164.443 
   42800   168.184 
   42850   163.353 
   42900   163.458 
   42950   160.550 
   43000   167.683 
   43050   163.085 
   43100   168.666 
   43150   164.704 
   43200   163.319 
   43250   168.837 
   43300   165.240 
   43350   165.918 
   43400   163.641 
   43450   165.361 
   43500   164.896 
   43550   166.080 
   43600   168.674 
   43650   164.317 
   43700   163.669 
   43750   165.173 
   43800   166.154 
   43850   164.043 
   43900   163.505 
   43950   169.059 
   44000   165.446 
   44050   165.739 
   44100   164.693 
   44150   167.114 
   44200   167.943 
   44250   164.700 
   44300   163.542 
   44350   166.474 
   44400   165.851 
   44450   162.796 
   44500   165.116 
   44550   171.734 
   44600   162.922 
   44650   163.835 
   44700   171.040 
   44750   163.475 
   44800   162.658 
   44850   165.458 
   44900   167.763 
   44950   166.487 
   45000   162.276 
   45050   164.717 
   45100   167.267 
   45150   162.380 
   45200   164.619 
   45250   163.944 
   45300   164.988 
   45350   168.534 
   45400   164.162 
   45450   162.741 
   45500   162.955 
   45550   165.283 
   45600   169.083 
   45650   165.784 
   45700   163.140 
   45750   164.007 
   45800   161.108 
   45850   163.764 
   45900   168.392 
   45950   167.591 
   46000   164.970 
   46050   159.832 
   46100   164.244 
   46150   167.699 
   46200   165.350 
   46250   163.568 
   46300   164.955 
   46350   166.400 
   46400   164.178 
   46450   170.348 
   46500   163.917 
   46550   163.526 
   46600   167.838 
   46650   167.349 
   46700   164.112 
   46750   164.380 
   46800   167.731 
   46850   163.443 
   46900   162.268 
   46950   169.864 
   47000   166.285 
   47050   167.215 
   47100   169.116 
   47150   162.351 
   47200   165.920 
   47250   169.069 
   47300   168.124 
   47350   164.500 
   47400   163.956 
   47450   165.852 
   47500   164.213 
   47550   166.022 
   47600   163.437 
   47650   165.645 
   47700   169.239 
   47750   163.263 
   47800   162.738 
   47850   166.080 
   47900   169.634 
   47950   168.596 
   48000   163.038 
   48050   159.647 
   48100   166.287 
   48150   169.808 
   48200   164.836 
   48250   164.318 
   48300   167.987 
   48350   167.007 
   48400   163.529 
   48450   165.187 
   48500   165.334 
   48550   162.425 
   48600   165.878 
   48650   170.257 
   48700   163.798 
   48750   166.057 
   48800   168.025 
   48850   165.429 
   48900   164.533 
   48950   161.662 
   49000   168.164 
   49050   165.894 
   49100   172.438 
   49150   166.390 
   49200   162.526 
   49250   163.391 
   49300   163.700 
   49350   170.753 
   49400   164.719 
   49450   167.743 
   49500   164.854 
   49550   165.085 
   49600   166.091 
   49650   163.816 
   49700   166.642 
   49750   165.439 
   49800   167.221 
   49850   166.890 
   49900   168.712 
   49950   166.438 
   50000   163.952 
   50050   165.301 
   50100   163.149 
   50150   167.154 
   50200   165.761 
   50250   165.170 
   50300   163.540 
   50350   165.886 
   50400   166.340 
   50450   165.736 
   50500   165.977 
   50550   161.230 
   50600   164.924 
   50650   166.647 
   50700   165.610 
   50750   163.599 
   50800   164.922 
   50850   163.541 
   50900   165.703 
   50950   166.848 
   51000   164.352 
   51050   165.592 
   51100   164.876 
   51150   169.991 
   51200   165.240 
   51250   163.711 
   51300   163.378 
   51350   166.838 
   51400   170.071 
   51450   165.070 
   51500   166.415 
   51550   162.966 
   51600   164.018 
   51650   165.264 
   51700   165.975 
   51750   170.841 
   51800   166.406 
   51850   165.380 
   51900   166.448 
   51950   162.486 
   52000   166.769 
   52050   165.024 
   52100   164.806 
   52150   161.032 
   52200   166.528 
   52250   167.974 
   52300   163.165 
   52350   166.578 
   52400   164.897 
   52450   166.335 
   52500   165.272 
   52550   164.376 
   52600   163.457 
   52650   163.626 
   52700   164.827 
   52750   164.912 
   52800   166.166 
   52850   165.283 
   52900   164.559 
   52950   159.729 
   53000   167.315 
   53050   168.195 
   53100   164.013 
   53150   167.853 
   53200   166.832 
   53250   163.361 
   53300   165.419 
   53350   169.447 
   53400   162.302 
   53450   167.081 
   53500   164.455 
   53550   161.470 
   53600   167.693 
   53650   168.123 
   53700   165.473 
   53750   160.444 
   53800   166.119 
   53850   165.527 
   53900   162.360 
   53950   164.191 
   54000   166.944 
   54050   166.529 
   54100   163.862 
   54150   163.516 
   54200   163.502 
   54250   168.759 
   54300   164.655 
   54350   164.925 
   54400   166.706 
   54450   164.971 
   54500   162.504 
   54550   166.674 
   54600   167.325 
   54650   162.130 
   54700   165.282 
   54750   165.720 
   54800   167.495 
   54850   164.602 
   54900   165.049 
   54950   164.307 
   55000   168.029 
   55050   163.398 
   55100   164.189 
   55150   163.674 
   55200   167.280 
   55250   166.849 
   55300   166.591 
   55350   166.375 
   55400   163.397 
   55450   165.110 
   55500   166.559 
   55550   163.564 
   55600   165.065 
   55650   163.169 
   55700   162.997 
   55750   167.742 
   55800   164.527 
   55850   164.924 
   55900   165.143 
   55950   165.755 
   56000   164.221 
   56050   164.283 
   56100   166.260 
   56150   167.836 
   56200   167.708 
   56250   166.628 
   56300   162.363 
   56350   166.020 
   56400   166.187 
   56450   165.542 
   56500   168.416 
   56550   169.169 
   56600   163.496 
   56650   164.524 
   56700   166.095 
   56750   168.844 
   56800   165.965 
   56850   166.168 
   56900   166.895 
   56950   165.155 
   57000   163.535 
   57050   164.599 
   57100   165.672 
   57150   169.738 
   57200   167.267 
   57250   166.235 
   57300   165.495 
   57350   166.035 
   57400   167.331 
   57450   164.794 
   57500   165.706 
   57550   162.702 
   57600   164.794 
   57650   164.250 
   57700   170.020 
   57750   166.773 
   57800   162.746 
   57850   164.039 
   57900   165.008 
   57950   167.956 
   58000   168.096 
   58050   164.197 
   58100   168.305 
   58150   164.340 
   58200   162.955 
   58250   163.337 
   58300   166.332 
   58350   163.437 
   58400   165.771 
   58450   163.432 
   58500   168.876 
   58550   165.892 
   58600   163.854 
   58650   167.726 
   58700   170.046 
   58750   161.413 
   58800   166.416 
   58850   168.053 
   58900   168.926 
   58950   167.057 
   59000   161.168 
   59050   165.256 
   59100   164.829 
   59150   171.374 
   59200   167.978 
   59250   167.322 
   59300   163.291 
   59350   163.352 
   59400   168.864 
   59450   165.646 
   59500   166.697 
   59550   161.934 
   59600   162.994 
   59650   166.620 
   59700   166.124 
   59750   163.114 
   59800   161.496 
   59850   166.600 
   59900   164.961 
   59950   166.270 
   60000   167.783 
   60050   161.827 
   60100   165.365 
   60150   166.808 
   60200   165.624 
   60250   164.584 
   60300   165.134 
   60350   167.965 
   60400   163.607 
   60450   168.516 
   60500   165.339 
   60550   167.240 
   60600   163.470 
   60650   163.016 
   60700   167.872 
   60750   164.123 
   60800   164.871 
   60850   167.759 
   60900   162.783 
   60950   163.914 
   61000   164.599 
   61050   164.333 
   61100   162.802 
   61150   164.302 
   61200   162.022 
   61250   168.721 
   61300   168.629 
   61350   164.529 
   61400   168.591 
   61450   168.169 
   61500   165.717 
   61550   165.603 
   61600   163.889 
   61650   166.104 
   61700   169.716 
   61750   162.879 
   61800   164.073 
   61850   162.989 
   61900   165.427 
   61950   167.035 
   62000   167.744 
   62050   167.598 
   62100   161.518 
   62150   164.879 
   62200   168.093 
   62250   166.020 
   62300   165.681 
   62350   164.876 
   62400   165.385 
   62450   168.906 
   62500   165.285 
   62550   164.155 
   62600   163.027 
   62650   167.571 
   62700   167.491 
   62750   164.022 
   62800   167.099 
   62850   169.211 
   62900   163.688 
   62950   163.295 
   63000   164.153 
   63050   166.817 
   63100   162.756 
   63150   161.677 
   63200   171.174 
   63250   163.011 
   63300   166.314 
   63350   164.645 
   63400   162.561 
   63450   169.042 
   63500   166.878 
   63550   166.539 
   63600   165.302 
   63650   161.551 
   63700   166.130 
   63750   167.303 
   63800   163.528 
   63850   163.783 
   63900   168.133 
   63950   165.099 
   64000   168.317 
   64050   164.253 
   64100   160.296 
   64150   166.629 
   64200   167.332 
   64250   166.863 
   64300   162.024 
   64350   164.246 
   64400   168.719 
   64450   164.497 
   64500   167.700 
   64550   162.293 
   64600   160.972 
   64650   166.729 
   64700   162.720 
   64750   164.881 
   64800   165.285 
   64850   164.078 
   64900   163.832 
   64950   165.400 
   65000   166.523 
   65050   165.695 
   65100   164.745 
   65150   163.594 
   65200   166.837 
   65250   164.984 
   65300   165.960 
   65350   164.119 
   65400   163.275 
   65450   165.488 
   65500   162.540 
   65550   168.279 
   65600   167.975 
   65650   164.355 
   65700   165.570 
   65750   164.205 
   65800   168.345 
   65850   167.121 
   65900   161.590 
   65950   166.033 
   66000   169.104 
   66050   166.267 
   66100   166.163 
   66150   165.109 
   66200   167.773 
   66250   166.572 
   66300   170.174 
   66350   168.824 
   66400   159.205 
   66450   160.659 
   66500   169.314 
   66550   167.855 
   66600   165.032 
   66650   163.588 
   66700   164.177 
   66750   162.818 
   66800   166.484 
   66850   164.164 
   66900   163.815 
   66950   166.012 
   67000   162.803 
   67050   167.847 
   67100   163.824 
   67150   165.597 
   67200   166.571 
   67250   165.152 
   67300   160.565 
   67350   166.318 
   67400   170.651 
   67450   168.654 
   67500   161.763 
   67550   161.912 
   67600   164.916 
   67650   168.210 
   67700   165.513 
   67750   164.756 
   67800   164.060 
   67850   162.801 
   67900   166.484 
   67950   166.621 
   68000   165.697 
   68050   164.856 
   68100   165.867 
   68150   164.726 
   68200   165.837 
   68250   164.291 
   68300   168.429 
   68350   165.927 
   68400   167.045 
   68450   164.235 
   68500   160.941 
   68550   162.762 
   68600   170.140 
   68650   165.128 
   68700   165.067 
   68750   166.517 
   68800   163.722 
   68850   172.373 
   68900   166.052 
   68950   164.379 
   69000   164.766 
   69050   162.851 
   69100   167.752 
   69150   164.903 
   69200   162.725 
   69250   163.330 
   69300   167.199 
   69350   164.554 
   69400   165.551 
   69450   165.417 
   69500   165.390 
   69550   167.981 
   69600   167.225 
   69650   166.663 
   69700   165.561 
   69750   165.102 
   69800   167.751 
   69850   164.537 
   69900   160.962 
   69950   164.776 
   70000   167.765 
   70050   167.494 
   70100   163.447 
   70150   165.711 
   70200   166.484 
   70250   165.275 
   70300   164.980 
   70350   163.083 
   70400   169.057 
   70450   166.668 
   70500   166.636 
   70550   163.622 
   70600   166.259 
   70650   168.713 
   70700   162.279 
   70750   167.369 
   70800   167.310 
   70850   166.372 
   70900   166.738 
   70950   164.111 
   71000   169.644 
   71050   169.566 
   71100   163.164 
   71150   165.294 
   71200   166.427 
   71250   169.381 
   71300   166.034 
   71350   162.230 
   71400   167.399 
   71450   165.645 
   71500   168.857 
   71550   163.237 
   71600   166.022 
   71650   166.790 
   71700   164.785 
   71750   168.455 
   71800   163.889 
   71850   168.597 
   71900   161.274 
   71950   165.983 
   72000   168.777 
   72050   166.280 
   72100   167.399 
   72150   163.509 
   72200   168.114 
   72250   164.176 
   72300   164.301 
   72350   164.826 
   72400   170.621 
   72450   169.795 
   72500   168.005 
   72550   165.119 
   72600   163.121 
   72650   169.237 
   72700   164.681 
   72750   165.740 
   72800   168.286 
   72850   165.959 
   72900   165.003 
   72950   163.994 
   73000   167.781 
   73050   166.389 
   73100   167.285 
   73150   166.545 
   73200   161.879 
   73250   168.394 
   73300   166.202 
   73350   166.080 
   73400   167.044 
   73450   163.355 
   73500   167.009 
   73550   165.527 
   73600   163.349 
   73650   162.589 
   73700   164.184 
   73750   164.638 
   73800   165.776 
   73850   166.087 
   73900   163.264 
   73950   164.254 
   74000   162.706 
   74050   169.253 
   74100   165.256 
   74150   164.508 
   74200   160.501 
   74250   167.262 
   74300   170.513 
   74350   165.037 
   74400   166.610 
   74450   167.198 
   74500   166.100 
   74550   165.785 
   74600   169.239 
   74650   164.224 
   74700   167.103 
   74750   167.451 
   74800   164.557 
   74850   167.419 
   74900   166.921 
   74950   166.739 
   75000   164.199 
   75050   168.126 
   75100   166.299 
   75150   168.616 
   75200   162.137 
   75250   164.258 
   75300   165.304 
   75350   165.859 
   75400   167.759 
   75450   166.344 
   75500   164.357 
   75550   169.555 
   75600   165.805 
   75650   164.233 
   75700   169.010 
   75750   165.603 
   75800   164.038 
   75850   167.282 
   75900   169.685 
   75950   167.046 
   76000   165.816 
   76050   164.758 
   76100   165.435 
   76150   167.441 
   76200   165.307 
   76250   162.470 
   76300   166.348 
   76350   169.816 
   76400   165.665 
   76450   163.082 
   76500   163.179 
   76550   165.579 
   76600   169.360 
   76650   163.558 
   76700   163.125 
   76750   165.557 
   76800   163.986 
   76850   165.915 
   76900   161.522 
   76950   165.148 
   77000   159.738 
   77050   168.053 
   77100   166.595 
   77150   163.482 
   77200   164.573 
   77250   162.833 
   77300   164.215 
   77350   168.690 
   77400   164.845 
   77450   161.883 
   77500   168.627 
   77550   164.518 
   77600   165.972 
   77650   166.842 
   77700   162.347 
   77750   164.544 
   77800   165.422 
   77850   166.864 
   77900   163.854 
   77950   166.974 
   78000   162.651 
   78050   165.068 
   78100   165.222 
   78150   165.660 
   78200   164.114 
   78250   162.422 
   78300   168.111 
   78350   162.317 
   78400   165.846 
   78450   167.011 
   78500   167.908 
   78550   161.589 
   78600   166.733 
   78650   165.751 
   78700   164.789 
   78750   165.286 
   78800   165.219 
   78850   167.890 
   78900   167.124 
   78950   165.292 
   79000   162.627 
   79050   164.656 
   79100   170.180 
   79150   163.117 
   79200   163.627 
   79250   164.889 
   79300   166.654 
   79350   168.759 
   79400   162.641 
   79450   167.270 
   79500   166.182 
   79550   160.523 
   79600   165.269 
   79650   166.992 
   79700   164.362 
   79750   162.223 
   79800   164.921 
   79850   167.193 
   79900   164.140 
   79950   163.522 
   80000   165.865 
   80050   164.648 
   80100   164.719 
   80150   168.292 
   80200   167.043 
   80250   162.463 
   80300   165.680 
   80350   166.190 
   80400   168.331 
   80450   163.356 
   80500   164.537 
   80550   161.417 
   80600   167.596 
   80650   167.992 
   80700   164.527 
   80750   164.978 
   80800   163.947 
   80850   166.605 
   80900   166.227 
   80950   168.136 
   81000   165.924 
   81050   161.045 
   81100   166.411 
   81150   165.283 
   81200   166.525 
   81250   165.130 
   81300   166.512 
   81350   167.822 
   81400   166.713 
   81450   166.150 
   81500   166.106 
   81550   165.433 
   81600   165.591 
   81650   167.568 
   81700   166.469 
   81750   163.669 
   81800   164.280 
   81850   165.202 
   81900   167.022 
   81950   167.903 
   82000   162.147 
   82050   167.281 
   82100   168.197 
   82150   167.117 
   82200   165.166 
   82250   165.086 
   82300   167.250 
   82350   163.180 
   82400   163.550 
   82450   170.082 
   82500   162.981 
   82550   162.884 
   82600   165.075 
   82650   164.490 
   82700   168.237 
   82750   167.442 
   82800   160.821 
   82850   162.292 
   82900   167.429 
   82950   168.237 
   83000   163.900 
   83050   163.666 
   83100   165.916 
   83150   166.506 
   83200   164.865 
   83250   167.136 
   83300   167.044 
   83350   163.916 
   83400   164.959 
   83450   167.125 
   83500   163.325 
   83550   165.935 
   83600   166.165 
   83650   163.890 
   83700   165.159 
   83750   163.221 
   83800   165.864 
   83850   164.895 
   83900   165.136 
   83950   169.384 
   84000   161.560 
   84050   164.096 
   84100   167.309 
   84150   164.576 
   84200   162.714 
   84250   165.321 
   84300   166.905 
   84350   165.590 
   84400   168.278 
   84450   165.232 
   84500   169.350 
   84550   166.360 
   84600   161.392 
   84650   164.132 
   84700   166.475 
   84750   167.363 
   84800   169.053 
   84850   163.052 
   84900   162.023 
   84950   164.817 
   85000   165.297 
   85050   165.103 
   85100   167.627 
   85150   163.182 
   85200   160.414 
   85250   169.803 
   85300   165.936 
   85350   165.905 
   85400   167.968 
   85450   161.905 
   85500   165.697 
   85550   167.225 
   85600   166.245 
   85650   163.515 
   85700   166.599 
   85750   164.882 
   85800   162.712 
   85850   168.947 
   85900   160.919 
   85950   166.252 
   86000   166.298 
   86050   165.428 
   86100   165.865 
   86150   166.615 
   86200   167.107 
   86250   166.821 
   86300   167.185 
   86350   165.642 
   86400   165.733 
   86450   163.952 
   86500   166.730 
   86550   166.673 
   86600   165.148 
   86650   167.618 
   86700   164.457 
   86750   166.626 
   86800   163.599 
   86850   167.514 
   86900   167.038 
   86950   160.311 
   87000   165.722 
   87050   165.609 
   87100   167.492 
   87150   168.469 
   87200   166.415 
   87250   161.940 
   87300   164.080 
   87350   170.158 
   87400   170.153 
   87450   165.510 
   87500   163.793 
   87550   164.564 
   87600   170.242 
   87650   166.720 
   87700   165.337 
   87750   163.840 
   87800   165.928 
   87850   170.511 
   87900   167.649 
   87950   165.549 
   88000   166.202 
   88050   171.642 
   88100   162.768 
   88150   162.550 
   88200   169.248 
   88250   164.442 
   88300   166.415 
   88350   164.481 
   88400   161.777 
   88450   164.290 
   88500   164.454 
   88550   169.444 
   88600   163.104 
   88650   165.842 
   88700   163.306 
   88750   164.645 
   88800   168.694 
   88850   165.665 
   88900   166.740 
   88950   164.081 
   89000   163.911 
   89050   163.635 
   89100   165.021 
   89150   168.482 
   89200   161.028 
   89250   163.091 
   89300   165.234 
   89350   165.395 
   89400   166.270 
   89450   165.994 
   89500   165.853 
   89550   164.133 
   89600   167.184 
   89650   166.167 
   89700   163.514 
   89750   165.651 
   89800   166.894 
   89850   162.877 
   89900   166.137 
   89950   165.609 
   90000   160.153 
   90050   163.435 
   90100   168.307 
   90150   168.086 
   90200   165.791 
   90250   165.680 
   90300   164.991 
   90350   165.748 
   90400   164.061 
   90450   165.601 
   90500   164.197 
   90550   164.654 
   90600   163.655 
   90650   167.478 
   90700   165.294 
   90750   162.453 
   90800   169.378 
   90850   165.759 
   90900   166.192 
   90950   165.057 
   91000   164.455 
   91050   164.938 
   91100   165.220 
   91150   167.308 
   91200   162.024 
   91250   167.695 
   91300   170.000 
   91350   160.259 
   91400   165.705 
   91450   166.732 
   91500   166.747 
   91550   163.708 
   91600   165.255 
   91650   167.384 
   91700   163.019 
   91750   166.237 
   91800   165.129 
   91850   164.655 
   91900   164.370 
   91950   163.214 
   92000   167.547 
   92050   163.536 
   92100   163.192 
   92150   166.388 
   92200   166.085 
   92250   170.486 
   92300   165.725 
   92350   165.775 
   92400   163.194 
   92450   168.687 
   92500   168.633 
   92550   164.349 
   92600   166.594 
   92650   162.532 
   92700   163.179 
   92750   163.677 
   92800   167.384 
   92850   168.316 
   92900   163.905 
   92950   165.303 
   93000   164.417 
   93050   163.724 
   93100   168.448 
   93150   166.096 
   93200   164.543 
   93250   161.018 
   93300   168.725 
   93350   166.934 
   93400   165.796 
   93450   166.468 
   93500   162.378 
   93550   166.671 
   93600   167.348 
   93650   165.790 
   93700   164.104 
   93750   163.952 
   93800   166.808 
   93850   165.008 
   93900   161.191 
   93950   164.063 
   94000   163.855 
   94050   165.704 
   94100   166.229 
   94150   163.560 
   94200   166.315 
   94250   165.425 
   94300   164.537 
   94350   164.184 
   94400   168.867 
   94450   166.394 
   94500   165.622 
   94550   165.994 
   94600   164.824 
   94650   167.605 
   94700   164.648 
   94750   165.965 
   94800   166.853 
   94850   164.234 
   94900   170.092 
   94950   162.768 
   95000   166.033 
   95050   168.147 
   95100   163.094 
   95150   164.711 
   95200   164.560 
   95250   165.890 
   95300   165.391 
   95350   164.004 
   95400   162.009 
   95450   168.198 
   95500   164.853 
   95550   163.634 
   95600   166.109 
   95650   163.196 
   95700   165.416 
   95750   168.541 
   95800   169.488 
   95850   161.023 
   95900   159.583 
   95950   168.795 
   96000   169.164 
   96050   167.187 
   96100   165.544 
   96150   162.950 
   96200   168.984 
   96250   165.985 
   96300   166.939 
   96350   165.800 
   96400   163.422 
   96450   168.079 
   96500   165.241 
   96550   164.976 
   96600   164.883 
   96650   164.762 
   96700   167.834 
   96750   166.982 
   96800   165.513 
   96850   163.748 
   96900   165.103 
   96950   167.709 
   97000   167.749 
   97050   163.597 
   97100   163.756 
   97150   165.212 
   97200   167.933 
   97250   165.158 
   97300   165.299 
   97350   165.659 
   97400   164.259 
   97450   166.391 
   97500   165.319 
   97550   165.082 
   97600   166.895 
   97650   164.656 
   97700   163.756 
   97750   168.396 
   97800   165.772 
   97850   161.808 
   97900   163.810 
   97950   168.339 
   98000   166.714 
   98050   161.649 
   98100   161.534 
   98150   166.296 
   98200   163.923 
   98250   165.584 
   98300   167.281 
   98350   161.464 
   98400   162.653 
   98450   159.579 
   98500   170.968 
   98550   170.208 
   98600   165.816 
   98650   163.143 
   98700   162.257 
   98750   170.355 
   98800   164.435 
   98850   166.088 
   98900   163.728 
   98950   169.466 
   99000   165.671 
   99050   165.956 
   99100   163.965 
   99150   166.646 
   99200   166.067 
   99250   159.699 
   99300   168.378 
   99350   165.370 
   99400   166.846 
   99450   164.786 
   99500   163.716 
   99550   165.185 
   99600   165.869 
   99650   163.379 
   99700   166.449 
   99750   165.124 
   99800   165.853 
   99850   162.608 
   99900   165.472 
   99950   169.219 
