       0   175.090 
      50   171.400 
     100   167.708 
     150   172.338 
     200   172.218 
     250   170.782 
     300   170.346 
     350   173.232 
     400   171.261 
     450   170.202 
     500   169.906 
     550   169.821 
     600   173.847 
     650   171.779 
     700   170.074 
     750   166.686 
     800   170.462 
     850   169.503 
     900   172.637 
     950   173.769 
    1000   174.477 
    1050   174.101 
    1100   170.157 
    1150   169.792 
    1200   172.102 
    1250   168.656 
    1300   171.110 
    1350   171.624 
    1400   166.513 
    1450   175.228 
    1500   171.302 
    1550   169.485 
    1600   174.764 
    1650   169.746 
    1700   171.711 
    1750   168.280 
    1800   169.883 
    1850   173.818 
    1900   173.602 
    1950   171.882 
    2000   171.319 
    2050   168.698 
    2100   171.448 
    2150   172.271 
    2200   171.953 
    2250   171.274 
    2300   169.988 
    2350   168.247 
    2400   169.950 
    2450   171.825 
    2500   172.688 
    2550   170.073 
    2600   170.412 
    2650   170.775 
    2700   171.534 
    2750   169.178 
    2800   171.969 
    2850   175.056 
    2900   171.658 
    2950   168.766 
    3000   169.429 
    3050   171.360 
    3100   169.980 
    3150   168.741 
    3200   172.798 
    3250   172.995 
    3300   169.614 
    3350   168.968 
    3400   169.933 
    3450   173.416 
    3500   171.594 
    3550   170.721 
    3600   173.126 
    3650   171.154 
    3700   173.439 
    3750   174.142 
    3800   172.818 
    3850   172.231 
    3900   170.841 
    3950   173.305 
    4000   171.297 
    4050   170.579 
    4100   175.428 
    4150   170.143 
    4200   172.467 
    4250   167.083 
    4300   169.262 
    4350   171.489 
    4400   172.503 
    4450   173.044 
    4500   169.399 
    4550   171.788 
    4600   171.018 
    4650   172.921 
    4700   173.351 
    4750   171.759 
    4800   170.655 
    4850   170.268 
    4900   173.507 
    4950   171.741 
    5000   171.102 
    5050   173.286 
    5100   171.271 
    5150   172.402 
    5200   168.908 
    5250   172.939 
    5300   172.642 
    5350   170.381 
    5400   169.292 
    5450   168.205 
    5500   172.126 
    5550   173.914 
    5600   171.615 
    5650   170.338 
    5700   170.780 
    5750   172.768 
    5800   169.705 
    5850   174.160 
    5900   170.939 
    5950   172.113 
    6000   174.625 
    6050   169.544 
    6100   172.156 
    6150   171.428 
    6200   166.831 
    6250   175.544 
    6300   173.073 
    6350   175.661 
    6400   170.990 
    6450   172.806 
    6500   171.562 
    6550   172.485 
    6600   172.975 
    6650   171.454 
    6700   168.134 
    6750   173.254 
    6800   172.876 
    6850   172.582 
    6900   169.674 
    6950   173.117 
    7000   173.425 
    7050   169.554 
    7100   170.139 
    7150   173.057 
    7200   174.206 
    7250   170.777 
    7300   173.531 
    7350   172.492 
    7400   172.581 
    7450   170.440 
    7500   173.342 
    7550   170.992 
    7600   175.124 
    7650   171.842 
    7700   169.296 
    7750   169.765 
    7800   169.209 
    7850   172.409 
    7900   171.099 
    7950   172.942 
    8000   170.741 
    8050   170.147 
    8100   171.419 
    8150   171.692 
    8200   173.994 
    8250   173.635 
    8300   171.410 
    8350   170.357 
    8400   165.833 
    8450   174.340 
    8500   172.346 
    8550   177.279 
    8600   171.041 
    8650   169.386 
    8700   171.214 
    8750   171.046 
    8800   173.297 
    8850   172.677 
    8900   172.354 
    8950   171.309 
    9000   172.668 
    9050   170.428 
    9100   170.754 
    9150   172.472 
    9200   174.704 
    9250   169.850 
    9300   169.970 
    9350   172.505 
    9400   171.556 
    9450   173.093 
    9500   168.891 
    9550   169.654 
    9600   172.879 
    9650   169.978 
    9700   170.661 
    9750   169.217 
    9800   168.959 
    9850   169.456 
    9900   170.639 
    9950   170.942 
   10000   170.782 
   10050   170.117 
   10100   172.133 
   10150   170.588 
   10200   172.121 
   10250   171.206 
   10300   167.754 
   10350   171.101 
   10400   171.965 
   10450   170.334 
   10500   172.076 
   10550   172.067 
   10600   174.541 
   10650   172.245 
   10700   170.108 
   10750   168.549 
   10800   172.898 
   10850   173.108 
   10900   172.714 
   10950   169.700 
   11000   173.434 
   11050   169.586 
   11100   171.494 
   11150   171.114 
   11200   174.253 
   11250   172.028 
   11300   171.673 
   11350   172.382 
   11400   168.826 
   11450   172.982 
   11500   173.217 
   11550   171.420 
   11600   170.526 
   11650   172.379 
   11700   171.069 
   11750   171.345 
   11800   171.749 
   11850   168.784 
   11900   168.994 
   11950   174.234 
   12000   172.180 
   12050   170.516 
   12100   168.888 
   12150   170.480 
   12200   170.599 
   12250   169.545 
   12300   169.498 
   12350   170.949 
   12400   168.933 
   12450   173.443 
   12500   167.963 
   12550   173.659 
   12600   173.583 
   12650   172.180 
   12700   169.185 
   12750   172.188 
   12800   173.422 
   12850   167.904 
   12900   173.639 
   12950   170.195 
   13000   174.144 
   13050   169.305 
   13100   170.386 
   13150   171.582 
   13200   171.765 
   13250   171.847 
   13300   167.270 
   13350   175.319 
   13400   176.510 
   13450   170.663 
   13500   172.386 
   13550   169.750 
   13600   174.807 
   13650   167.912 
   13700   172.037 
   13750   175.408 
   13800   172.551 
   13850   169.853 
   13900   168.269 
   13950   172.415 
   14000   173.482 
   14050   170.316 
   14100   169.689 
   14150   168.994 
   14200   167.586 
   14250   170.817 
   14300   168.046 
   14350   171.755 
   14400   171.312 
   14450   168.165 
   14500   170.094 
   14550   168.297 
   14600   174.684 
   14650   168.951 
   14700   166.243 
   14750   168.257 
   14800   170.914 
   14850   177.781 
   14900   166.736 
   14950   166.034 
   15000   171.194 
   15050   173.722 
   15100   171.666 
   15150   172.403 
   15200   172.144 
   15250   169.316 
   15300   169.487 
   15350   169.715 
   15400   170.858 
   15450   171.599 
   15500   173.441 
   15550   170.477 
   15600   166.165 
   15650   168.072 
   15700   173.591 
   15750   171.972 
   15800   171.677 
   15850   173.009 
   15900   169.747 
   15950   167.719 
   16000   171.767 
   16050   173.962 
   16100   170.057 
   16150   171.406 
   16200   169.361 
   16250   169.864 
   16300   169.323 
   16350   171.592 
   16400   174.554 
   16450   167.394 
   16500   170.557 
   16550   170.554 
   16600   171.850 
   16650   172.058 
   16700   169.781 
   16750   168.298 
   16800   173.135 
   16850   171.346 
   16900   171.617 
   16950   170.437 
   17000   170.958 
   17050   171.899 
   17100   172.851 
   17150   171.607 
   17200   169.038 
   17250   173.654 
   17300   170.042 
   17350   172.170 
   17400   171.889 
   17450   173.179 
   17500   173.480 
   17550   171.888 
   17600   170.287 
   17650   171.782 
   17700   172.723 
   17750   171.713 
   17800   168.789 
   17850   175.723 
   17900   172.024 
   17950   173.806 
   18000   171.762 
   18050   170.475 
   18100   171.952 
   18150   172.074 
   18200   171.297 
   18250   170.211 
   18300   173.007 
   18350   171.960 
   18400   168.198 
   18450   168.702 
   18500   170.476 
   18550   176.031 
   18600   168.481 
   18650   171.573 
   18700   171.714 
   18750   170.538 
   18800   172.611 
   18850   169.342 
   18900   170.255 
   18950   170.147 
   19000   171.429 
   19050   173.663 
   19100   166.925 
   19150   172.765 
   19200   172.716 
   19250   168.052 
   19300   169.638 
   19350   174.695 
   19400   173.365 
   19450   172.828 
   19500   169.146 
   19550   175.869 
   19600   168.472 
   19650   171.512 
   19700   174.731 
   19750   169.520 
   19800   173.716 
   19850   168.547 
   19900   173.845 
   19950   169.831 
   20000   167.837 
   20050   171.887 
   20100   173.255 
   20150   176.046 
   20200   174.654 
   20250   167.829 
   20300   171.890 
   20350   172.238 
   20400   171.906 
   20450   173.229 
   20500   165.481 
   20550   170.538 
   20600   172.012 
   20650   171.169 
   20700   168.626 
   20750   170.621 
   20800   174.580 
   20850   171.778 
   20900   171.130 
   20950   169.745 
   21000   171.913 
   21050   172.987 
   21100   169.539 
   21150   168.720 
   21200   174.771 
   21250   170.693 
   21300   169.956 
   21350   172.533 
   21400   175.739 
   21450   171.446 
   21500   166.679 
   21550   170.603 
   21600   171.689 
   21650   174.192 
   21700   171.077 
   21750   171.804 
   21800   172.237 
   21850   173.472 
   21900   172.596 
   21950   170.159 
   22000   172.135 
   22050   173.665 
   22100   173.168 
   22150   169.654 
   22200   168.968 
   22250   171.805 
   22300   173.420 
   22350   173.461 
   22400   171.828 
   22450   172.277 
   22500   171.892 
   22550   169.454 
   22600   173.748 
   22650   174.145 
   22700   173.015 
   22750   171.787 
   22800   169.088 
   22850   172.152 
   22900   170.624 
   22950   171.153 
   23000   173.529 
   23050   173.156 
   23100   173.737 
   23150   168.967 
   23200   172.117 
   23250   180.076 
   23300   170.209 
   23350   167.015 
   23400   170.285 
   23450   172.531 
   23500   174.782 
   23550   169.850 
   23600   171.182 
   23650   173.754 
   23700   169.976 
   23750   168.235 
   23800   173.090 
   23850   173.508 
   23900   171.526 
   23950   173.931 
   24000   171.497 
   24050   174.820 
   24100   171.312 
   24150   170.742 
   24200   171.490 
   24250   169.582 
   24300   172.323 
   24350   170.835 
   24400   173.552 
   24450   173.162 
   24500   168.131 
   24550   172.247 
   24600   170.945 
   24650   172.074 
   24700   168.584 
   24750   171.307 
   24800   173.205 
   24850   172.922 
   24900   169.390 
   24950   170.502 
   25000   173.937 
   25050   174.100 
   25100   169.699 
   25150   170.016 
   25200   171.986 
   25250   175.937 
   25300   175.333 
   25350   169.216 
   25400   168.822 
   25450   169.886 
   25500   171.119 
   25550   175.054 
   25600   170.949 
   25650   174.514 
   25700   171.117 
   25750   169.469 
   25800   170.285 
   25850   170.886 
   25900   171.793 
   25950   168.399 
   26000   173.698 
   26050   171.667 
   26100   173.144 
   26150   168.182 
   26200   165.950 
   26250   172.503 
   26300   172.437 
   26350   171.050 
   26400   169.215 
   26450   170.679 
   26500   171.750 
   26550   170.727 
   26600   170.685 
   26650   168.423 
   26700   169.966 
   26750   170.943 
   26800   170.148 
   26850   172.708 
   26900   172.026 
   26950   172.640 
   27000   166.337 
   27050   172.903 
   27100   170.457 
   27150   171.130 
   27200   170.643 
   27250   167.868 
   27300   175.272 
   27350   169.293 
   27400   168.265 
   27450   170.616 
   27500   169.606 
   27550   173.580 
   27600   172.124 
   27650   173.131 
   27700   171.793 
   27750   170.274 
   27800   171.210 
   27850   170.311 
   27900   172.813 
   27950   171.465 
   28000   175.361 
   28050   173.450 
   28100   170.443 
   28150   169.583 
   28200   170.162 
   28250   171.613 
   28300   171.916 
   28350   171.871 
   28400   172.331 
   28450   170.354 
   28500   171.894 
   28550   169.966 
   28600   171.883 
   28650   171.530 
   28700   173.894 
   28750   170.775 
   28800   170.802 
   28850   172.865 
   28900   169.332 
   28950   173.785 
   29000   170.295 
   29050   173.333 
   29100   172.536 
   29150   168.722 
   29200   170.323 
   29250   170.775 
   29300   171.822 
   29350   172.066 
   29400   168.523 
   29450   175.337 
   29500   172.517 
   29550   173.989 
   29600   171.842 
   29650   172.790 
   29700   170.084 
   29750   170.318 
   29800   170.502 
   29850   173.781 
   29900   171.899 
   29950   170.684 
   30000   170.078 
   30050   171.926 
   30100   169.142 
   30150   173.910 
   30200   168.627 
   30250   172.345 
   30300   170.709 
   30350   170.845 
   30400   173.888 
   30450   173.823 
   30500   166.883 
   30550   166.602 
   30600   172.311 
   30650   176.517 
   30700   167.392 
   30750   169.932 
   30800   170.382 
   30850   170.331 
   30900   172.491 
   30950   171.214 
   31000   174.076 
   31050   167.800 
   31100   166.882 
   31150   167.297 
   31200   172.974 
   31250   173.007 
   31300   171.390 
   31350   167.326 
   31400   169.728 
   31450   172.160 
   31500   168.823 
   31550   169.114 
   31600   169.006 
   31650   172.949 
   31700   172.854 
   31750   170.146 
   31800   171.411 
   31850   170.901 
   31900   168.766 
   31950   171.936 
   32000   173.251 
   32050   172.047 
   32100   170.577 
   32150   170.640 
   32200   173.023 
   32250   171.432 
   32300   174.240 
   32350   173.918 
   32400   172.192 
   32450   170.263 
   32500   167.541 
   32550   171.049 
   32600   171.192 
   32650   174.047 
   32700   170.406 
   32750   169.590 
   32800   170.345 
   32850   172.523 
   32900   173.469 
   32950   170.553 
   33000   169.467 
   33050   167.510 
   33100   168.711 
   33150   171.496 
   33200   170.684 
   33250   170.365 
   33300   168.715 
   33350   173.638 
   33400   173.280 
   33450   167.970 
   33500   169.999 
   33550   171.515 
   33600   174.111 
   33650   169.199 
   33700   172.705 
   33750   172.171 
   33800   168.939 
   33850   168.686 
   33900   170.209 
   33950   174.692 
   34000   168.503 
   34050   172.496 
   34100   172.320 
   34150   166.818 
   34200   170.449 
   34250   172.278 
   34300   166.740 
   34350   169.890 
   34400   172.581 
   34450   171.590 
   34500   166.237 
   34550   172.218 
   34600   169.613 
   34650   169.204 
   34700   172.579 
   34750   170.441 
   34800   169.464 
   34850   168.325 
   34900   169.421 
   34950   173.295 
   35000   176.453 
   35050   168.953 
   35100   166.658 
   35150   173.137 
   35200   172.751 
   35250   172.495 
   35300   169.883 
   35350   171.690 
   35400   175.807 
   35450   169.770 
   35500   167.446 
   35550   168.452 
   35600   170.346 
   35650   174.652 
   35700   173.927 
   35750   173.370 
   35800   168.832 
   35850   170.671 
   35900   169.605 
   35950   170.268 
   36000   175.657 
   36050   173.312 
   36100   171.586 
   36150   171.230 
   36200   168.675 
   36250   170.835 
   36300   168.583 
   36350   172.358 
   36400   172.640 
   36450   167.798 
   36500   168.853 
   36550   170.026 
   36600   171.964 
   36650   171.538 
   36700   170.857 
   36750   169.963 
   36800   169.937 
   36850   172.893 
   36900   168.656 
   36950   172.641 
   37000   169.651 
   37050   175.771 
   37100   170.731 
   37150   168.810 
   37200   177.503 
   37250   169.256 
   37300   167.234 
   37350   167.582 
   37400   169.599 
   37450   177.436 
   37500   170.435 
   37550   170.593 
   37600   169.843 
   37650   168.056 
   37700   171.317 
   37750   170.485 
   37800   169.819 
   37850   177.758 
   37900   171.392 
   37950   170.388 
   38000   169.788 
   38050   171.030 
   38100   172.586 
   38150   169.341 
   38200   173.972 
   38250   174.889 
   38300   171.324 
   38350   169.580 
   38400   171.652 
   38450   174.311 
   38500   169.793 
   38550   172.835 
   38600   174.687 
   38650   174.254 
   38700   172.133 
   38750   169.813 
   38800   173.000 
   38850   173.920 
   38900   174.257 
   38950   173.092 
   39000   172.408 
   39050   168.835 
   39100   169.745 
   39150   168.894 
   39200   170.511 
   39250   170.187 
   39300   168.528 
   39350   172.235 
   39400   172.538 
   39450   171.164 
   39500   172.001 
   39550   171.884 
   39600   173.840 
   39650   170.822 
   39700   171.604 
   39750   172.964 
   39800   169.834 
   39850   173.185 
   39900   175.463 
   39950   173.241 
   40000   171.593 
   40050   170.917 
   40100   174.814 
   40150   172.446 
   40200   174.048 
   40250   173.831 
   40300   172.054 
   40350   172.749 
   40400   169.826 
   40450   170.377 
   40500   172.723 
   40550   169.043 
   40600   173.201 
   40650   170.831 
   40700   170.097 
   40750   173.625 
   40800   171.730 
   40850   170.883 
   40900   173.661 
   40950   171.620 
   41000   172.158 
   41050   170.850 
   41100   171.929 
   41150   172.862 
   41200   171.425 
   41250   170.983 
   41300   171.462 
   41350   174.291 
   41400   167.139 
   41450   171.734 
   41500   170.200 
   41550   175.782 
   41600   167.476 
   41650   169.513 
   41700   168.188 
   41750   170.788 
   41800   169.374 
   41850   170.337 
   41900   172.467 
   41950   170.351 
   42000   172.191 
   42050   171.981 
   42100   171.031 
   42150   173.392 
   42200   171.372 
   42250   170.572 
   42300   168.585 
   42350   171.687 
   42400   171.509 
   42450   173.408 
   42500   172.350 
   42550   168.038 
   42600   171.711 
   42650   173.678 
   42700   174.264 
   42750   168.777 
   42800   171.666 
   42850   171.479 
   42900   170.165 
   42950   169.112 
   43000   170.717 
   43050   170.538 
   43100   169.895 
   43150   169.461 
   43200   169.631 
   43250   170.134 
   43300   170.944 
   43350   172.045 
   43400   168.876 
   43450   171.286 
   43500   169.935 
   43550   169.685 
   43600   170.864 
   43650   171.540 
   43700   171.098 
   43750   171.896 
   43800   166.053 
   43850   172.019 
   43900   170.608 
   43950   173.829 
   44000   172.437 
   44050   167.478 
   44100   176.297 
   44150   168.147 
   44200   171.615 
   44250   168.153 
   44300   171.855 
   44350   169.741 
   44400   170.238 
   44450   172.484 
   44500   171.658 
   44550   166.883 
   44600   171.765 
   44650   171.527 
   44700   172.220 
   44750   168.343 
   44800   166.807 
   44850   169.786 
   44900   176.899 
   44950   171.486 
   45000   171.234 
   45050   172.370 
   45100   173.209 
   45150   172.286 
   45200   172.392 
   45250   170.232 
   45300   170.900 
   45350   173.344 
   45400   171.805 
   45450   172.997 
   45500   168.923 
   45550   171.510 
   45600   171.746 
   45650   170.040 
   45700   173.128 
   45750   171.406 
   45800   172.820 
   45850   171.506 
   45900   170.737 
   45950   172.045 
   46000   169.759 
   46050   171.032 
   46100   172.754 
   46150   172.476 
   46200   167.806 
   46250   172.439 
   46300   171.015 
   46350   173.320 
   46400   167.337 
   46450   173.159 
   46500   177.072 
   46550   172.132 
   46600   168.693 
   46650   167.935 
   46700   173.360 
   46750   173.782 
   46800   174.941 
   46850   170.993 
   46900   171.092 
   46950   169.902 
   47000   169.896 
   47050   173.895 
   47100   166.273 
   47150   170.020 
   47200   172.536 
   47250   170.862 
   47300   170.208 
   47350   168.030 
   47400   173.448 
   47450   169.077 
   47500   166.736 
   47550   171.450 
   47600   174.714 
   47650   170.958 
   47700   166.431 
   47750   173.189 
   47800   173.109 
   47850   171.250 
   47900   169.789 
   47950   171.955 
   48000   169.413 
   48050   168.501 
   48100   172.590 
   48150   174.621 
   48200   173.269 
   48250   170.917 
   48300   167.230 
   48350   170.037 
   48400   172.371 
   48450   174.418 
   48500   169.484 
   48550   171.799 
   48600   166.594 
   48650   170.025 
   48700   170.642 
   48750   172.244 
   48800   173.446 
   48850   169.565 
   48900   168.499 
   48950   169.208 
   49000   172.460 
   49050   169.701 
   49100   168.789 
   49150   170.886 
   49200   171.440 
   49250   175.095 
   49300   170.235 
   49350   168.203 
   49400   169.769 
   49450   171.677 
   49500   173.822 
   49550   169.949 
   49600   173.307 
   49650   171.349 
   49700   172.066 
   49750   173.002 
   49800   172.359 
   49850   167.123 
   49900   172.177 
   49950   176.886 
   50000   172.921 
   50050   169.732 
   50100   166.265 
   50150   171.297 
   50200   172.374 
   50250   172.167 
   50300   171.696 
   50350   168.149 
   50400   170.680 
   50450   171.619 
   50500   170.285 
   50550   169.793 
   50600   171.833 
   50650   171.404 
   50700   172.290 
   50750   169.403 
   50800   173.235 
   50850   172.434 
   50900   172.748 
   50950   168.097 
   51000   172.026 
   51050   170.552 
   51100   172.006 
   51150   169.104 
   51200   170.950 
   51250   172.187 
   51300   169.707 
   51350   172.792 
   51400   171.610 
   51450   171.067 
   51500   171.283 
   51550   170.318 
   51600   170.182 
   51650   173.612 
   51700   171.523 
   51750   170.677 
   51800   170.115 
   51850   176.800 
   51900   173.493 
   51950   172.403 
   52000   171.563 
   52050   170.639 
   52100   171.821 
   52150   173.274 
   52200   170.206 
   52250   172.540 
   52300   170.232 
   52350   173.927 
   52400   171.400 
   52450   169.317 
   52500   169.855 
   52550   173.600 
   52600   174.604 
   52650   169.962 
   52700   173.715 
   52750   168.732 
   52800   169.037 
   52850   168.364 
   52900   173.879 
   52950   171.458 
   53000   167.924 
   53050   172.995 
   53100   167.785 
   53150   173.380 
   53200   173.042 
   53250   171.515 
   53300   173.880 
   53350   170.886 
   53400   170.986 
   53450   172.562 
   53500   170.615 
   53550   170.319 
   53600   173.072 
   53650   170.686 
   53700   172.793 
   53750   172.914 
   53800   169.844 
   53850   170.426 
   53900   169.767 
   53950   173.142 
   54000   170.301 
   54050   171.996 
   54100   172.876 
   54150   173.094 
   54200   169.922 
   54250   169.038 
   54300   171.805 
   54350   174.029 
   54400   175.769 
   54450   173.886 
   54500   170.565 
   54550   169.157 
   54600   166.900 
   54650   174.701 
   54700   174.176 
   54750   169.688 
   54800   170.672 
   54850   173.138 
   54900   170.680 
   54950   171.990 
   55000   172.728 
   55050   169.680 
   55100   171.324 
   55150   174.129 
   55200   170.908 
   55250   166.555 
   55300   171.652 
   55350   178.243 
   55400   171.243 
   55450   169.211 
   55500   168.594 
   55550   170.892 
   55600   172.234 
   55650   169.864 
   55700   171.531 
   55750   168.748 
   55800   174.512 
   55850   171.415 
   55900   167.759 
   55950   169.264 
   56000   174.309 
   56050   172.424 
   56100   170.151 
   56150   168.535 
   56200   171.885 
   56250   170.918 
   56300   170.772 
   56350   171.700 
   56400   172.438 
   56450   174.511 
   56500   168.467 
   56550   171.575 
   56600   172.815 
   56650   174.890 
   56700   172.282 
   56750   170.351 
   56800   172.594 
   56850   173.292 
   56900   173.503 
   56950   172.864 
   57000   171.785 
   57050   173.314 
   57100   169.747 
   57150   171.449 
   57200   168.722 
   57250   172.942 
   57300   174.158 
   57350   167.933 
   57400   170.107 
   57450   173.074 
   57500   171.999 
   57550   171.904 
   57600   173.263 
   57650   173.515 
   57700   172.373 
   57750   168.321 
   57800   172.064 
   57850   168.627 
   57900   175.603 
   57950   174.858 
   58000   169.052 
   58050   167.982 
   58100   174.555 
   58150   175.556 
   58200   171.313 
   58250   170.967 
   58300   168.384 
   58350   173.681 
   58400   173.497 
   58450   169.326 
   58500   171.413 
   58550   169.383 
   58600   174.151 
   58650   171.772 
   58700   165.512 
   58750   171.382 
   58800   170.535 
   58850   170.398 
   58900   168.833 
   58950   174.927 
   59000   170.793 
   59050   174.234 
   59100   170.546 
   59150   168.553 
   59200   170.841 
   59250   172.259 
   59300   171.230 
   59350   170.818 
   59400   169.013 
   59450   171.326 
   59500   171.981 
   59550   172.607 
   59600   170.386 
   59650   170.276 
   59700   171.424 
   59750   169.062 
   59800   171.617 
   59850   168.853 
   59900   171.338 
   59950   174.749 
   60000   170.728 
   60050   174.253 
   60100   169.299 
   60150   172.559 
   60200   171.634 
   60250   171.592 
   60300   171.852 
   60350   168.712 
   60400   173.289 
   60450   175.697 
   60500   170.320 
   60550   169.412 
   60600   173.248 
   60650   168.658 
   60700   168.673 
   60750   169.001 
   60800   173.340 
   60850   171.842 
   60900   166.237 
   60950   171.992 
   61000   170.413 
   61050   169.457 
   61100   174.076 
   61150   177.268 
   61200   169.668 
   61250   167.403 
   61300   170.986 
   61350   174.132 
   61400   173.846 
   61450   169.900 
   61500   170.381 
   61550   171.049 
   61600   169.084 
   61650   170.696 
   61700   168.201 
   61750   175.852 
   61800   173.834 
   61850   171.156 
   61900   166.725 
   61950   167.741 
   62000   173.078 
   62050   175.133 
   62100   172.172 
   62150   170.631 
   62200   171.017 
   62250   170.535 
   62300   172.622 
   62350   171.055 
   62400   174.386 
   62450   174.152 
   62500   171.946 
   62550   165.382 
   62600   170.942 
   62650   173.282 
   62700   168.060 
   62750   172.693 
   62800   174.362 
   62850   173.379 
   62900   172.442 
   62950   172.844 
   63000   167.068 
   63050   171.496 
   63100   172.113 
   63150   172.710 
   63200   170.454 
   63250   170.446 
   63300   168.415 
   63350   174.109 
   63400   172.704 
   63450   173.283 
   63500   168.945 
   63550   169.357 
   63600   175.696 
   63650   173.368 
   63700   167.949 
   63750   168.014 
   63800   171.596 
   63850   171.919 
   63900   169.893 
   63950   171.784 
   64000   172.419 
   64050   165.923 
   64100   173.857 
   64150   172.781 
   64200   171.174 
   64250   171.285 
   64300   165.465 
   64350   170.033 
   64400   170.918 
   64450   171.652 
   64500   170.762 
   64550   170.709 
   64600   172.288 
   64650   171.520 
   64700   170.746 
   64750   168.273 
   64800   168.897 
   64850   173.479 
   64900   169.889 
   64950   168.646 
   65000   174.879 
   65050   173.014 
   65100   171.746 
   65150   169.370 
   65200   170.298 
   65250   171.081 
   65300   172.143 
   65350   173.624 
   65400   169.176 
   65450   173.041 
   65500   172.549 
   65550   171.476 
   65600   170.615 
   65650   170.958 
   65700   174.243 
   65750   170.982 
   65800   173.872 
   65850   171.649 
   65900   172.870 
   65950   169.415 
   66000   171.135 
   66050   174.125 
   66100   172.865 
   66150   169.272 
   66200   170.346 
   66250   172.120 
   66300   170.251 
   66350   174.815 
   66400   173.000 
   66450   172.316 
   66500   171.136 
   66550   168.497 
   66600   170.469 
   66650   171.403 
   66700   172.963 
   66750   172.248 
   66800   172.154 
   66850   170.989 
   66900   170.509 
   66950   171.987 
   67000   169.217 
   67050   172.999 
   67100   171.214 
   67150   170.876 
   67200   170.354 
   67250   170.166 
   67300   172.108 
   67350   170.261 
   67400   169.342 
   67450   172.695 
   67500   176.336 
   67550   171.354 
   67600   170.614 
   67650   166.847 
   67700   173.490 
   67750   168.276 
   67800   175.336 
   67850   171.033 
   67900   170.286 
   67950   169.839 
   68000   168.537 
   68050   173.217 
   68100   169.194 
   68150   170.770 
   68200   170.296 
   68250   169.308 
   68300   174.116 
   68350   168.259 
   68400   168.961 
   68450   169.950 
   68500   173.426 
   68550   172.049 
   68600   168.772 
   68650   172.225 
   68700   170.822 
   68750   172.360 
   68800   168.085 
   68850   169.027 
   68900   172.630 
   68950   173.139 
   69000   174.791 
   69050   162.101 
   69100   169.440 
   69150   173.804 
   69200   171.373 
   69250   170.463 
   69300   170.345 
   69350   175.123 
   69400   170.453 
   69450   166.862 
   69500   172.741 
   69550   170.440 
   69600   169.776 
   69650   168.856 
   69700   171.812 
   69750   174.960 
   69800   170.426 
   69850   168.469 
   69900   166.793 
   69950   173.267 
   70000   172.587 
   70050   170.243 
   70100   168.076 
   70150   171.077 
   70200   173.672 
   70250   172.924 
   70300   171.185 
   70350   172.930 
   70400   173.655 
   70450   171.636 
   70500   169.849 
   70550   168.916 
   70600   171.957 
   70650   174.669 
   70700   169.627 
   70750   169.230 
   70800   172.235 
   70850   169.578 
   70900   170.679 
   70950   171.883 
   71000   171.085 
   71050   172.068 
   71100   170.519 
   71150   169.308 
   71200   173.650 
   71250   167.986 
   71300   171.923 
   71350   168.538 
   71400   168.442 
   71450   172.446 
   71500   173.011 
   71550   173.234 
   71600   168.713 
   71650   169.776 
   71700   165.117 
   71750   176.156 
   71800   177.274 
   71850   171.718 
   71900   171.005 
   71950   171.451 
   72000   172.682 
   72050   169.718 
   72100   168.913 
   72150   175.527 
   72200   168.828 
   72250   170.630 
   72300   170.485 
   72350   173.008 
   72400   171.373 
   72450   167.360 
   72500   172.871 
   72550   170.346 
   72600   168.805 
   72650   171.031 
   72700   173.296 
   72750   175.507 
   72800   171.226 
   72850   174.891 
   72900   170.664 
   72950   174.407 
   73000   168.779 
   73050   172.199 
   73100   170.541 
   73150   171.253 
   73200   170.096 
   73250   167.427 
   73300   173.496 
   73350   170.716 
   73400   174.439 
   73450   173.415 
   73500   168.415 
   73550   170.758 
   73600   170.960 
   73650   169.396 
   73700   173.218 
   73750   171.057 
   73800   173.840 
   73850   171.961 
   73900   168.665 
   73950   172.637 
   74000   176.826 
   74050   169.913 
   74100   170.419 
   74150   171.639 
   74200   171.898 
   74250   171.835 
   74300   169.645 
   74350   172.499 
   74400   171.492 
   74450   167.346 
   74500   170.606 
   74550   169.310 
   74600   173.757 
   74650   171.544 
   74700   173.258 
   74750   174.037 
   74800   168.945 
   74850   168.967 
   74900   168.746 
   74950   171.782 
   75000   178.852 
   75050   166.099 
   75100   169.747 
   75150   169.837 
   75200   171.555 
   75250   173.805 
   75300   170.150 
   75350   171.737 
   75400   172.020 
   75450   165.184 
   75500   176.603 
   75550   169.368 
   75600   174.553 
   75650   168.787 
   75700   167.336 
   75750   173.733 
   75800   170.752 
   75850   174.522 
   75900   170.212 
   75950   172.006 
   76000   169.698 
   76050   169.941 
   76100   169.906 
   76150   169.810 
   76200   172.359 
   76250   171.243 
   76300   169.737 
   76350   168.548 
   76400   172.771 
   76450   172.377 
   76500   172.466 
   76550   173.442 
   76600   169.353 
   76650   169.538 
   76700   169.360 
   76750   170.512 
   76800   172.224 
   76850   172.566 
   76900   172.375 
   76950   169.171 
   77000   171.549 
   77050   170.754 
   77100   170.080 
   77150   171.735 
   77200   172.275 
   77250   172.437 
   77300   169.467 
   77350   168.526 
   77400   171.168 
   77450   172.215 
   77500   170.818 
   77550   169.700 
   77600   169.235 
   77650   171.997 
   77700   171.413 
   77750   169.951 
   77800   170.292 
   77850   171.776 
   77900   171.554 
   77950   168.771 
   78000   169.631 
   78050   168.547 
   78100   168.998 
   78150   171.989 
   78200   170.787 
   78250   167.980 
   78300   173.955 
   78350   169.499 
   78400   171.576 
   78450   174.292 
   78500   170.626 
   78550   171.439 
   78600   169.529 
   78650   170.037 
   78700   170.115 
   78750   170.300 
   78800   172.574 
   78850   172.675 
   78900   170.281 
   78950   171.702 
   79000   171.909 
   79050   172.804 
   79100   171.942 
   79150   171.273 
   79200   171.282 
   79250   169.777 
   79300   170.119 
   79350   169.311 
   79400   173.507 
   79450   172.325 
   79500   171.987 
   79550   171.500 
   79600   173.310 
   79650   172.425 
   79700   167.538 
   79750   169.464 
   79800   171.716 
   79850   170.477 
   79900   173.339 
   79950   171.462 
   80000   170.411 
   80050   167.913 
   80100   168.048 
   80150   171.923 
   80200   170.755 
   80250   170.808 
   80300   168.348 
   80350   170.649 
   80400   174.205 
   80450   170.021 
   80500   170.532 
   80550   169.608 
   80600   167.877 
   80650   171.229 
   80700   171.804 
   80750   173.098 
   80800   171.728 
   80850   168.178 
   80900   170.828 
   80950   169.180 
   81000   170.478 
   81050   170.521 
   81100   172.442 
   81150   172.340 
   81200   167.013 
   81250   167.818 
   81300   172.897 
   81350   174.431 
   81400   173.265 
   81450   166.411 
   81500   172.426 
   81550   167.922 
   81600   174.162 
   81650   168.317 
   81700   174.019 
   81750   168.607 
   81800   169.886 
   81850   168.579 
   81900   172.331 
   81950   170.177 
   82000   171.720 
   82050   169.196 
   82100   173.250 
   82150   172.509 
   82200   168.880 
   82250   172.684 
   82300   172.887 
   82350   172.978 
   82400   170.457 
   82450   167.261 
   82500   171.389 
   82550   175.196 
   82600   173.852 
   82650   171.625 
   82700   167.167 
   82750   170.035 
   82800   172.019 
   82850   169.050 
   82900   176.239 
   82950   168.655 
   83000   171.777 
   83050   169.456 
   83100   174.013 
   83150   172.901 
   83200   168.547 
   83250   172.995 
   83300   167.397 
   83350   174.124 
   83400   173.025 
   83450   171.627 
   83500   172.888 
   83550   171.760 
   83600   173.541 
   83650   172.624 
   83700   172.880 
   83750   173.758 
   83800   171.723 
   83850   174.957 
   83900   172.023 
   83950   170.551 
   84000   173.723 
   84050   171.191 
   84100   172.289 
   84150   172.320 
   84200   171.051 
   84250   175.221 
   84300   173.326 
   84350   173.721 
   84400   173.926 
   84450   169.681 
   84500   171.994 
   84550   171.644 
   84600   170.068 
   84650   174.288 
   84700   171.101 
   84750   172.389 
   84800   167.587 
   84850   170.340 
   84900   171.745 
   84950   168.468 
   85000   172.410 
   85050   172.959 
   85100   172.721 
   85150   174.001 
   85200   170.109 
   85250   171.658 
   85300   169.785 
   85350   175.345 
   85400   171.262 
   85450   172.428 
   85500   169.666 
   85550   169.138 
   85600   171.355 
   85650   169.167 
   85700   174.314 
   85750   173.446 
   85800   168.615 
   85850   170.851 
   85900   169.099 
   85950   171.389 
   86000   173.000 
   86050   173.039 
   86100   171.946 
   86150   168.551 
   86200   171.092 
   86250   168.355 
   86300   170.068 
   86350   174.924 
   86400   171.789 
   86450   169.338 
   86500   167.299 
   86550   169.192 
   86600   174.766 
   86650   172.894 
   86700   173.286 
   86750   170.891 
   86800   170.904 
   86850   171.464 
   86900   171.073 
   86950   170.562 
   87000   170.424 
   87050   169.815 
   87100   169.806 
   87150   176.631 
   87200   167.223 
   87250   171.161 
   87300   169.175 
   87350   170.353 
   87400   174.997 
   87450   169.341 
   87500   169.632 
   87550   170.485 
   87600   172.568 
   87650   167.306 
   87700   169.536 
   87750   171.806 
   87800   170.692 
   87850   175.299 
   87900   171.817 
   87950   170.930 
   88000   170.274 
   88050   169.639 
   88100   173.146 
   88150   168.186 
   88200   174.652 
   88250   173.102 
   88300   172.162 
   88350   173.895 
   88400   175.082 
   88450   172.605 
   88500   169.207 
   88550   171.239 
   88600   173.272 
   88650   171.235 
   88700   169.194 
   88750   173.305 
   88800   173.035 
   88850   168.871 
   88900   170.494 
   88950   173.931 
   89000   174.867 
   89050   174.165 
   89100   170.414 
   89150   172.530 
   89200   172.249 
   89250   173.121 
   89300   169.720 
   89350   171.530 
   89400   170.738 
   89450   170.472 
   89500   169.611 
   89550   168.265 
   89600   175.374 
   89650   176.275 
   89700   172.043 
   89750   169.326 
   89800   169.103 
   89850   173.933 
   89900   169.466 
   89950   171.464 
   90000   170.896 
   90050   170.939 
   90100   171.535 
   90150   169.721 
   90200   173.744 
   90250   170.815 
   90300   175.164 
   90350   173.829 
   90400   173.540 
   90450   172.244 
   90500   170.956 
   90550   170.655 
   90600   172.335 
   90650   173.214 
   90700   169.764 
   90750   168.634 
   90800   170.650 
   90850   174.856 
   90900   173.522 
   90950   171.516 
   91000   171.347 
   91050   168.863 
   91100   175.383 
   91150   171.098 
   91200   168.556 
   91250   172.213 
   91300   171.290 
   91350   168.942 
   91400   172.100 
   91450   175.075 
   91500   168.934 
   91550   173.356 
   91600   167.807 
   91650   172.323 
   91700   171.637 
   91750   172.323 
   91800   173.798 
   91850   171.151 
   91900   167.880 
   91950   170.416 
   92000   170.996 
   92050   175.249 
   92100   172.605 
   92150   170.759 
   92200   168.311 
   92250   176.455 
   92300   171.977 
   92350   171.444 
   92400   171.257 
   92450   171.788 
   92500   172.367 
   92550   171.183 
   92600   172.510 
   92650   172.248 
   92700   170.345 
   92750   171.973 
   92800   172.165 
   92850   171.154 
   92900   171.628 
   92950   172.788 
   93000   171.281 
   93050   171.816 
   93100   171.623 
   93150   172.321 
   93200   175.247 
   93250   170.972 
   93300   168.376 
   93350   171.764 
   93400   171.019 
   93450   176.529 
   93500   168.412 
   93550   170.936 
   93600   169.572 
   93650   171.003 
   93700   173.928 
   93750   169.841 
   93800   171.732 
   93850   172.159 
   93900   172.941 
   93950   173.850 
   94000   171.789 
   94050   173.011 
   94100   168.941 
   94150   172.413 
   94200   169.353 
   94250   174.662 
   94300   175.862 
   94350   174.138 
   94400   172.289 
   94450   169.234 
   94500   174.131 
   94550   173.489 
   94600   171.966 
   94650   170.579 
   94700   167.985 
   94750   175.965 
   94800   171.667 
   94850   170.043 
   94900   171.863 
   94950   171.263 
   95000   171.202 
   95050   174.127 
   95100   167.027 
   95150   171.158 
   95200   169.077 
   95250   172.725 
   95300   174.778 
   95350   174.000 
   95400   170.733 
   95450   167.049 
   95500   173.446 
   95550   170.011 
   95600   172.951 
   95650   172.198 
   95700   169.852 
   95750   172.153 
   95800   167.196 
   95850   172.535 
   95900   169.291 
   95950   168.306 
   96000   170.609 
   96050   171.846 
   96100   168.459 
   96150   172.124 
   96200   171.616 
   96250   175.563 
   96300   170.486 
   96350   167.416 
   96400   175.253 
   96450   168.737 
   96500   172.512 
   96550   172.507 
   96600   173.372 
   96650   172.070 
   96700   167.851 
   96750   173.098 
   96800   175.806 
   96850   170.005 
   96900   168.184 
   96950   173.439 
   97000   170.977 
   97050   171.352 
   97100   166.163 
   97150   170.234 
   97200   177.124 
   97250   171.104 
   97300   169.217 
   97350   171.158 
   97400   173.138 
   97450   169.295 
   97500   171.697 
   97550   174.630 
   97600   173.595 
   97650   170.167 
   97700   169.545 
   97750   176.309 
   97800   170.235 
   97850   170.208 
   97900   175.190 
   97950   168.370 
   98000   170.003 
   98050   174.793 
   98100   171.957 
   98150   170.298 
   98200   176.171 
   98250   172.155 
   98300   170.996 
   98350   171.016 
   98400   171.689 
   98450   167.025 
   98500   173.353 
   98550   168.365 
   98600   173.332 
   98650   173.566 
   98700   168.044 
   98750   173.301 
   98800   165.580 
   98850   168.355 
   98900   174.592 
   98950   170.479 
   99000   173.283 
   99050   167.962 
   99100   168.381 
   99150   173.048 
   99200   173.056 
   99250   169.274 
   99300   170.550 
   99350   174.167 
   99400   168.460 
   99450   169.239 
   99500   170.783 
   99550   171.361 
   99600   172.416 
   99650   167.521 
   99700   172.067 
   99750   169.778 
   99800   169.839 
   99850   173.417 
   99900   170.402 
   99950   169.411 
