       0   122.374 
      50   123.185 
     100   122.486 
     150   120.992 
     200   123.784 
     250   120.892 
     300   120.709 
     350   124.141 
     400   121.956 
     450   122.841 
     500   123.822 
     550   120.705 
     600   124.824 
     650   121.492 
     700   125.561 
     750   121.656 
     800   118.901 
     850   126.442 
     900   121.938 
     950   124.393 
    1000   123.085 
    1050   120.661 
    1100   124.096 
    1150   115.441 
    1200   122.383 
    1250   123.247 
    1300   125.516 
    1350   121.793 
    1400   119.216 
    1450   124.269 
    1500   116.663 
    1550   125.494 
    1600   124.725 
    1650   121.478 
    1700   120.632 
    1750   119.095 
    1800   122.339 
    1850   122.651 
    1900   122.751 
    1950   121.625 
    2000   121.250 
    2050   124.076 
    2100   124.912 
    2150   119.834 
    2200   121.563 
    2250   120.619 
    2300   120.458 
    2350   120.063 
    2400   124.718 
    2450   118.301 
    2500   119.563 
    2550   123.877 
    2600   118.908 
    2650   118.456 
    2700   120.179 
    2750   121.115 
    2800   125.808 
    2850   118.382 
    2900   122.233 
    2950   119.580 
    3000   123.752 
    3050   120.084 
    3100   120.667 
    3150   123.714 
    3200   119.414 
    3250   123.446 
    3300   123.782 
    3350   122.252 
    3400   119.970 
    3450   120.617 
    3500   123.990 
    3550   121.749 
    3600   124.792 
    3650   122.626 
    3700   122.088 
    3750   120.888 
    3800   120.146 
    3850   123.723 
    3900   119.991 
    3950   121.276 
    4000   118.710 
    4050   122.974 
    4100   121.003 
    4150   124.047 
    4200   124.114 
    4250   120.821 
    4300   122.730 
    4350   122.265 
    4400   122.370 
    4450   125.482 
    4500   121.160 
    4550   123.467 
    4600   119.411 
    4650   121.771 
    4700   124.603 
    4750   121.854 
    4800   124.973 
    4850   122.720 
    4900   125.526 
    4950   124.436 
    5000   119.088 
    5050   123.914 
    5100   121.511 
    5150   122.642 
    5200   120.242 
    5250   122.038 
    5300   121.759 
    5350   122.082 
    5400   122.576 
    5450   121.244 
    5500   122.596 
    5550   126.126 
    5600   126.192 
    5650   120.843 
    5700   121.092 
    5750   123.184 
    5800   124.455 
    5850   121.036 
    5900   118.816 
    5950   123.298 
    6000   120.416 
    6050   119.117 
    6100   118.647 
    6150   120.718 
    6200   124.267 
    6250   121.069 
    6300   120.678 
    6350   120.635 
    6400   116.892 
    6450   118.482 
    6500   118.232 
    6550   123.343 
    6600   123.061 
    6650   121.689 
    6700   120.108 
    6750   122.454 
    6800   119.985 
    6850   124.911 
    6900   121.680 
    6950   122.665 
    7000   124.242 
    7050   120.935 
    7100   118.805 
    7150   122.255 
    7200   121.535 
    7250   122.578 
    7300   121.418 
    7350   122.107 
    7400   121.346 
    7450   120.447 
    7500   123.923 
    7550   124.749 
    7600   122.799 
    7650   121.280 
    7700   119.709 
    7750   119.932 
    7800   121.949 
    7850   121.434 
    7900   123.841 
    7950   120.373 
    8000   123.786 
    8050   121.093 
    8100   119.940 
    8150   120.621 
    8200   121.024 
    8250   122.335 
    8300   124.848 
    8350   120.839 
    8400   119.396 
    8450   118.281 
    8500   122.044 
    8550   125.889 
    8600   121.806 
    8650   122.920 
    8700   122.387 
    8750   120.616 
    8800   120.699 
    8850   121.538 
    8900   118.989 
    8950   123.569 
    9000   121.536 
    9050   124.374 
    9100   121.646 
    9150   118.144 
    9200   123.888 
    9250   120.673 
    9300   124.041 
    9350   120.667 
    9400   119.760 
    9450   122.432 
    9500   120.476 
    9550   123.581 
    9600   124.492 
    9650   120.163 
    9700   122.589 
    9750   119.824 
    9800   122.246 
    9850   128.273 
    9900   121.977 
    9950   124.036 
   10000   124.204 
   10050   121.306 
   10100   122.216 
   10150   121.698 
   10200   123.369 
   10250   119.286 
   10300   124.054 
   10350   121.935 
   10400   122.175 
   10450   123.167 
   10500   120.510 
   10550   123.221 
   10600   121.882 
   10650   119.426 
   10700   122.464 
   10750   119.821 
   10800   124.162 
   10850   123.708 
   10900   118.721 
   10950   119.478 
   11000   123.181 
   11050   122.536 
   11100   124.593 
   11150   122.317 
   11200   122.777 
   11250   119.953 
   11300   122.657 
   11350   122.291 
   11400   124.919 
   11450   123.051 
   11500   121.236 
   11550   124.297 
   11600   123.446 
   11650   124.964 
   11700   119.065 
   11750   122.419 
   11800   122.006 
   11850   122.270 
   11900   122.052 
   11950   123.382 
   12000   119.575 
   12050   121.987 
   12100   125.923 
   12150   124.267 
   12200   121.078 
   12250   122.997 
   12300   122.760 
   12350   125.493 
   12400   117.002 
   12450   121.545 
   12500   121.794 
   12550   125.239 
   12600   127.212 
   12650   118.973 
   12700   118.975 
   12750   121.960 
   12800   123.712 
   12850   119.599 
   12900   121.687 
   12950   123.343 
   13000   124.877 
   13050   126.171 
   13100   119.776 
   13150   121.493 
   13200   122.212 
   13250   123.667 
   13300   121.175 
   13350   122.671 
   13400   125.205 
   13450   125.360 
   13500   117.410 
   13550   118.340 
   13600   119.451 
   13650   121.875 
   13700   120.747 
   13750   119.731 
   13800   120.075 
   13850   123.853 
   13900   118.464 
   13950   121.659 
   14000   120.760 
   14050   123.057 
   14100   124.791 
   14150   121.547 
   14200   125.111 
   14250   118.882 
   14300   118.877 
   14350   122.480 
   14400   123.181 
   14450   121.644 
   14500   119.386 
   14550   119.963 
   14600   125.987 
   14650   122.851 
   14700   123.089 
   14750   122.663 
   14800   121.328 
   14850   124.001 
   14900   123.945 
   14950   123.827 
   15000   122.223 
   15050   120.718 
   15100   120.192 
   15150   121.045 
   15200   121.332 
   15250   119.946 
   15300   121.468 
   15350   118.969 
   15400   124.774 
   15450   119.502 
   15500   117.755 
   15550   121.044 
   15600   121.413 
   15650   123.477 
   15700   123.023 
   15750   121.037 
   15800   121.340 
   15850   125.702 
   15900   123.774 
   15950   121.873 
   16000   121.292 
   16050   125.337 
   16100   124.211 
   16150   122.026 
   16200   123.442 
   16250   119.664 
   16300   121.345 
   16350   122.931 
   16400   123.298 
   16450   120.394 
   16500   119.272 
   16550   120.533 
   16600   121.058 
   16650   126.596 
   16700   119.088 
   16750   122.604 
   16800   121.947 
   16850   119.029 
   16900   121.610 
   16950   121.634 
   17000   122.152 
   17050   123.124 
   17100   119.217 
   17150   122.534 
   17200   126.386 
   17250   124.977 
   17300   124.417 
   17350   120.848 
   17400   125.290 
   17450   121.818 
   17500   120.406 
   17550   123.470 
   17600   118.641 
   17650   120.389 
   17700   126.935 
   17750   124.712 
   17800   123.546 
   17850   120.485 
   17900   119.611 
   17950   126.095 
   18000   120.483 
   18050   121.152 
   18100   120.464 
   18150   123.502 
   18200   119.503 
   18250   120.644 
   18300   123.659 
   18350   121.479 
   18400   123.794 
   18450   118.220 
   18500   123.498 
   18550   123.989 
   18600   120.553 
   18650   122.436 
   18700   121.255 
   18750   122.268 
   18800   121.543 
   18850   121.610 
   18900   123.775 
   18950   119.696 
   19000   118.303 
   19050   124.754 
   19100   123.651 
   19150   119.206 
   19200   118.663 
   19250   120.676 
   19300   121.342 
   19350   122.260 
   19400   121.610 
   19450   122.125 
   19500   122.928 
   19550   120.479 
   19600   117.639 
   19650   123.169 
   19700   121.300 
   19750   124.593 
   19800   121.507 
   19850   118.123 
   19900   126.508 
   19950   119.696 
   20000   120.227 
   20050   122.129 
   20100   123.655 
   20150   121.204 
   20200   120.749 
   20250   122.443 
   20300   121.757 
   20350   121.966 
   20400   127.002 
   20450   120.553 
   20500   121.999 
   20550   121.236 
   20600   125.910 
   20650   125.837 
   20700   119.860 
   20750   119.242 
   20800   121.576 
   20850   122.403 
   20900   123.136 
   20950   123.404 
   21000   121.668 
   21050   124.339 
   21100   122.514 
   21150   119.339 
   21200   120.235 
   21250   119.452 
   21300   120.629 
   21350   123.586 
   21400   120.573 
   21450   123.722 
   21500   121.157 
   21550   120.584 
   21600   120.493 
   21650   124.388 
   21700   121.532 
   21750   118.385 
   21800   124.226 
   21850   122.290 
   21900   121.922 
   21950   121.687 
   22000   119.957 
   22050   121.684 
   22100   120.008 
   22150   125.009 
   22200   120.580 
   22250   116.571 
   22300   121.230 
   22350   123.510 
   22400   120.757 
   22450   117.951 
   22500   119.128 
   22550   122.375 
   22600   118.071 
   22650   121.972 
   22700   120.237 
   22750   121.092 
   22800   121.066 
   22850   118.765 
   22900   119.908 
   22950   121.152 
   23000   123.250 
   23050   127.074 
   23100   119.537 
   23150   118.810 
   23200   120.514 
   23250   121.250 
   23300   123.353 
   23350   119.955 
   23400   124.249 
   23450   120.510 
   23500   123.050 
   23550   129.911 
   23600   119.378 
   23650   119.347 
   23700   121.404 
   23750   126.737 
   23800   120.524 
   23850   118.355 
   23900   119.442 
   23950   120.526 
   24000   120.913 
   24050   119.750 
   24100   120.283 
   24150   124.851 
   24200   119.123 
   24250   121.563 
   24300   122.759 
   24350   119.530 
   24400   121.904 
   24450   119.897 
   24500   124.405 
   24550   125.134 
   24600   119.184 
   24650   126.645 
   24700   116.656 
   24750   121.478 
   24800   126.582 
   24850   121.452 
   24900   123.464 
   24950   120.056 
   25000   123.086 
   25050   121.633 
   25100   121.340 
   25150   125.539 
   25200   119.473 
   25250   123.848 
   25300   117.484 
   25350   120.141 
   25400   122.677 
   25450   121.174 
   25500   123.492 
   25550   121.637 
   25600   122.827 
   25650   119.995 
   25700   119.477 
   25750   127.457 
   25800   120.744 
   25850   122.367 
   25900   123.616 
   25950   121.802 
   26000   122.409 
   26050   119.597 
   26100   124.765 
   26150   123.467 
   26200   120.811 
   26250   124.622 
   26300   118.279 
   26350   120.291 
   26400   121.595 
   26450   121.017 
   26500   122.462 
   26550   121.863 
   26600   123.149 
   26650   123.704 
   26700   122.062 
   26750   123.332 
   26800   122.004 
   26850   122.342 
   26900   121.690 
   26950   124.973 
   27000   122.975 
   27050   120.071 
   27100   121.660 
   27150   122.293 
   27200   121.991 
   27250   121.791 
   27300   122.347 
   27350   120.106 
   27400   123.278 
   27450   123.273 
   27500   122.884 
   27550   125.145 
   27600   120.093 
   27650   122.143 
   27700   119.874 
   27750   118.763 
   27800   122.795 
   27850   120.119 
   27900   120.404 
   27950   121.454 
   28000   121.365 
   28050   122.009 
   28100   119.970 
   28150   124.196 
   28200   123.815 
   28250   120.899 
   28300   119.243 
   28350   121.008 
   28400   124.717 
   28450   125.967 
   28500   119.131 
   28550   124.258 
   28600   117.512 
   28650   121.874 
   28700   123.297 
   28750   123.569 
   28800   122.965 
   28850   121.202 
   28900   120.862 
   28950   125.458 
   29000   122.363 
   29050   122.278 
   29100   122.230 
   29150   123.611 
   29200   122.081 
   29250   120.683 
   29300   126.053 
   29350   119.666 
   29400   119.472 
   29450   119.144 
   29500   124.357 
   29550   121.742 
   29600   119.370 
   29650   124.258 
   29700   124.143 
   29750   124.174 
   29800   121.067 
   29850   118.536 
   29900   125.152 
   29950   124.568 
   30000   119.781 
   30050   126.250 
   30100   117.981 
   30150   121.310 
   30200   118.210 
   30250   122.244 
   30300   123.490 
   30350   120.897 
   30400   125.069 
   30450   119.543 
   30500   122.078 
   30550   124.528 
   30600   119.472 
   30650   121.289 
   30700   123.400 
   30750   124.168 
   30800   122.854 
   30850   122.817 
   30900   120.655 
   30950   124.495 
   31000   123.350 
   31050   121.551 
   31100   121.869 
   31150   122.502 
   31200   121.924 
   31250   124.035 
   31300   123.053 
   31350   122.888 
   31400   121.570 
   31450   125.035 
   31500   116.999 
   31550   120.704 
   31600   119.724 
   31650   124.204 
   31700   122.049 
   31750   124.273 
   31800   120.687 
   31850   123.019 
   31900   122.123 
   31950   122.207 
   32000   125.358 
   32050   119.510 
   32100   121.162 
   32150   116.869 
   32200   125.035 
   32250   124.083 
   32300   122.043 
   32350   120.801 
   32400   120.211 
   32450   120.739 
   32500   122.106 
   32550   121.048 
   32600   122.984 
   32650   121.945 
   32700   121.838 
   32750   119.272 
   32800   124.614 
   32850   121.546 
   32900   125.462 
   32950   116.032 
   33000   123.380 
   33050   122.261 
   33100   121.649 
   33150   120.833 
   33200   120.214 
   33250   124.435 
   33300   125.758 
   33350   119.388 
   33400   120.431 
   33450   121.185 
   33500   121.559 
   33550   120.941 
   33600   121.121 
   33650   125.395 
   33700   122.484 
   33750   123.414 
   33800   120.735 
   33850   118.964 
   33900   125.253 
   33950   120.157 
   34000   118.941 
   34050   116.476 
   34100   121.172 
   34150   124.198 
   34200   118.654 
   34250   122.275 
   34300   123.678 
   34350   120.721 
   34400   120.273 
   34450   120.349 
   34500   122.386 
   34550   118.858 
   34600   119.693 
   34650   124.154 
   34700   119.499 
   34750   120.711 
   34800   120.008 
   34850   119.029 
   34900   121.294 
   34950   119.601 
   35000   120.941 
   35050   125.222 
   35100   121.853 
   35150   122.562 
   35200   122.108 
   35250   124.355 
   35300   120.747 
   35350   119.212 
   35400   121.045 
   35450   121.164 
   35500   124.135 
   35550   123.830 
   35600   125.020 
   35650   122.024 
   35700   121.082 
   35750   125.105 
   35800   122.365 
   35850   125.246 
   35900   125.244 
   35950   125.235 
   36000   126.923 
   36050   120.750 
   36100   122.670 
   36150   123.881 
   36200   125.187 
   36250   123.370 
   36300   121.211 
   36350   120.911 
   36400   125.271 
   36450   117.387 
   36500   120.701 
   36550   121.862 
   36600   123.254 
   36650   125.210 
   36700   120.028 
   36750   120.967 
   36800   123.504 
   36850   121.948 
   36900   125.352 
   36950   121.667 
   37000   120.590 
   37050   122.942 
   37100   124.655 
   37150   122.086 
   37200   122.407 
   37250   124.819 
   37300   122.796 
   37350   123.314 
   37400   123.421 
   37450   123.856 
   37500   125.319 
   37550   120.014 
   37600   120.706 
   37650   120.793 
   37700   124.604 
   37750   120.262 
   37800   123.412 
   37850   122.441 
   37900   123.421 
   37950   122.523 
   38000   118.817 
   38050   118.816 
   38100   120.739 
   38150   122.252 
   38200   121.130 
   38250   121.646 
   38300   120.120 
   38350   123.181 
   38400   116.073 
   38450   121.227 
   38500   125.625 
   38550   121.860 
   38600   122.031 
   38650   123.742 
   38700   123.735 
   38750   123.533 
   38800   122.343 
   38850   125.675 
   38900   122.946 
   38950   124.812 
   39000   121.224 
   39050   127.075 
   39100   120.340 
   39150   124.199 
   39200   125.491 
   39250   120.692 
   39300   127.902 
   39350   119.761 
   39400   123.922 
   39450   123.246 
   39500   119.840 
   39550   123.398 
   39600   121.503 
   39650   124.993 
   39700   121.951 
   39750   121.885 
   39800   121.377 
   39850   123.556 
   39900   121.050 
   39950   119.919 
   40000   122.902 
   40050   121.809 
   40100   122.666 
   40150   121.615 
   40200   119.263 
   40250   125.665 
   40300   123.097 
   40350   118.454 
   40400   120.947 
   40450   124.159 
   40500   122.564 
   40550   121.708 
   40600   121.481 
   40650   124.551 
   40700   120.767 
   40750   122.150 
   40800   122.645 
   40850   122.795 
   40900   118.312 
   40950   123.054 
   41000   123.525 
   41050   118.815 
   41100   119.784 
   41150   122.375 
   41200   126.093 
   41250   119.692 
   41300   122.031 
   41350   121.542 
   41400   119.083 
   41450   120.477 
   41500   122.273 
   41550   125.161 
   41600   121.936 
   41650   121.146 
   41700   122.437 
   41750   120.396 
   41800   122.667 
   41850   125.109 
   41900   124.533 
   41950   118.249 
   42000   122.388 
   42050   123.959 
   42100   121.028 
   42150   121.504 
   42200   121.412 
   42250   124.625 
   42300   122.341 
   42350   123.749 
   42400   121.465 
   42450   119.533 
   42500   120.113 
   42550   127.460 
   42600   121.437 
   42650   124.409 
   42700   124.608 
   42750   123.770 
   42800   122.389 
   42850   123.152 
   42900   122.719 
   42950   121.635 
   43000   119.834 
   43050   127.443 
   43100   122.158 
   43150   122.768 
   43200   125.862 
   43250   120.174 
   43300   122.188 
   43350   122.142 
   43400   121.408 
   43450   121.897 
   43500   123.579 
   43550   119.854 
   43600   123.530 
   43650   119.451 
   43700   121.966 
   43750   121.261 
   43800   121.324 
   43850   123.345 
   43900   127.156 
   43950   122.526 
   44000   124.474 
   44050   124.536 
   44100   121.752 
   44150   122.231 
   44200   122.320 
   44250   126.085 
   44300   123.531 
   44350   121.134 
   44400   123.018 
   44450   122.228 
   44500   121.548 
   44550   125.240 
   44600   121.590 
   44650   124.598 
   44700   121.138 
   44750   125.283 
   44800   122.878 
   44850   121.761 
   44900   121.017 
   44950   120.265 
   45000   122.389 
   45050   123.300 
   45100   126.279 
   45150   120.824 
   45200   120.242 
   45250   126.240 
   45300   121.280 
   45350   125.002 
   45400   126.283 
   45450   118.838 
   45500   116.717 
   45550   122.653 
   45600   122.004 
   45650   121.020 
   45700   120.013 
   45750   120.886 
   45800   122.406 
   45850   120.764 
   45900   120.485 
   45950   123.638 
   46000   121.196 
   46050   121.746 
   46100   125.535 
   46150   122.470 
   46200   121.536 
   46250   118.586 
   46300   122.807 
   46350   120.029 
   46400   123.027 
   46450   124.219 
   46500   119.502 
   46550   124.465 
   46600   118.116 
   46650   115.858 
   46700   121.514 
   46750   118.104 
   46800   125.822 
   46850   122.979 
   46900   122.349 
   46950   126.487 
   47000   117.278 
   47050   121.847 
   47100   124.640 
   47150   118.300 
   47200   122.462 
   47250   119.994 
   47300   124.298 
   47350   126.630 
   47400   120.423 
   47450   120.962 
   47500   120.348 
   47550   119.607 
   47600   122.914 
   47650   124.889 
   47700   125.225 
   47750   124.116 
   47800   122.064 
   47850   119.878 
   47900   125.523 
   47950   120.630 
   48000   124.422 
   48050   124.517 
   48100   125.524 
   48150   121.858 
   48200   121.253 
   48250   118.716 
   48300   123.503 
   48350   120.803 
   48400   124.302 
   48450   124.271 
   48500   121.597 
   48550   123.440 
   48600   124.783 
   48650   121.708 
   48700   119.613 
   48750   119.368 
   48800   126.272 
   48850   124.500 
   48900   122.645 
   48950   123.989 
   49000   123.229 
   49050   123.487 
   49100   120.454 
   49150   123.356 
   49200   124.723 
   49250   127.154 
   49300   123.429 
   49350   121.346 
   49400   120.953 
   49450   118.110 
   49500   123.575 
   49550   125.898 
   49600   125.078 
   49650   126.008 
   49700   120.305 
   49750   119.659 
   49800   124.197 
   49850   120.302 
   49900   122.248 
   49950   122.797 
   50000   119.663 
   50050   124.674 
   50100   125.008 
   50150   125.602 
   50200   123.568 
   50250   118.912 
   50300   120.661 
   50350   121.521 
   50400   120.770 
   50450   125.023 
   50500   123.073 
   50550   120.596 
   50600   121.675 
   50650   121.384 
   50700   123.348 
   50750   122.158 
   50800   122.537 
   50850   125.316 
   50900   121.848 
   50950   120.988 
   51000   121.084 
   51050   124.872 
   51100   122.252 
   51150   120.491 
   51200   124.952 
   51250   121.214 
   51300   120.603 
   51350   122.945 
   51400   123.959 
   51450   120.358 
   51500   121.101 
   51550   119.228 
   51600   125.755 
   51650   121.054 
   51700   120.165 
   51750   123.780 
   51800   121.699 
   51850   122.040 
   51900   120.418 
   51950   120.971 
   52000   122.736 
   52050   122.048 
   52100   120.927 
   52150   124.546 
   52200   121.638 
   52250   121.483 
   52300   121.864 
   52350   120.197 
   52400   121.016 
   52450   124.962 
   52500   123.330 
   52550   122.637 
   52600   124.171 
   52650   121.650 
   52700   122.058 
   52750   121.066 
   52800   121.396 
   52850   120.858 
   52900   122.114 
   52950   120.485 
   53000   124.232 
   53050   123.169 
   53100   122.598 
   53150   123.638 
   53200   121.145 
   53250   121.684 
   53300   119.586 
   53350   122.184 
   53400   121.151 
   53450   118.635 
   53500   121.695 
   53550   125.543 
   53600   124.005 
   53650   122.545 
   53700   123.137 
   53750   117.832 
   53800   127.071 
   53850   120.665 
   53900   119.220 
   53950   124.352 
   54000   120.767 
   54050   123.881 
   54100   122.600 
   54150   121.386 
   54200   126.494 
   54250   115.645 
   54300   123.878 
   54350   123.106 
   54400   120.163 
   54450   121.898 
   54500   118.741 
   54550   124.115 
   54600   124.941 
   54650   123.069 
   54700   120.824 
   54750   121.100 
   54800   123.178 
   54850   122.119 
   54900   123.721 
   54950   121.278 
   55000   124.212 
   55050   122.487 
   55100   122.600 
   55150   123.462 
   55200   123.408 
   55250   122.138 
   55300   123.724 
   55350   123.004 
   55400   125.850 
   55450   123.337 
   55500   124.563 
   55550   124.047 
   55600   122.848 
   55650   120.833 
   55700   124.210 
   55750   127.264 
   55800   121.929 
   55850   121.778 
   55900   121.917 
   55950   123.493 
   56000   122.963 
   56050   120.625 
   56100   120.736 
   56150   121.318 
   56200   122.481 
   56250   123.316 
   56300   120.674 
   56350   126.051 
   56400   120.218 
   56450   123.436 
   56500   124.648 
   56550   123.085 
   56600   120.538 
   56650   123.081 
   56700   123.511 
   56750   123.186 
   56800   123.472 
   56850   116.664 
   56900   122.675 
   56950   122.253 
   57000   120.896 
   57050   123.985 
   57100   120.407 
   57150   121.752 
   57200   121.277 
   57250   119.730 
   57300   129.261 
   57350   121.064 
   57400   122.350 
   57450   123.660 
   57500   122.118 
   57550   126.984 
   57600   120.490 
   57650   121.601 
   57700   124.571 
   57750   122.820 
   57800   125.478 
   57850   121.343 
   57900   125.786 
   57950   124.233 
   58000   120.065 
   58050   126.046 
   58100   122.612 
   58150   117.720 
   58200   119.391 
   58250   124.475 
   58300   125.289 
   58350   124.241 
   58400   123.713 
   58450   123.754 
   58500   121.262 
   58550   119.370 
   58600   118.512 
   58650   123.090 
   58700   119.158 
   58750   122.689 
   58800   123.842 
   58850   120.246 
   58900   123.699 
   58950   117.465 
   59000   119.795 
   59050   122.479 
   59100   120.951 
   59150   126.837 
   59200   123.808 
   59250   123.016 
   59300   119.217 
   59350   120.246 
   59400   124.062 
   59450   122.696 
   59500   123.361 
   59550   121.410 
   59600   119.558 
   59650   121.484 
   59700   120.844 
   59750   125.603 
   59800   120.670 
   59850   123.295 
   59900   123.426 
   59950   118.345 
   60000   125.365 
   60050   121.917 
   60100   122.578 
   60150   126.719 
   60200   120.497 
   60250   124.872 
   60300   122.561 
   60350   124.996 
   60400   122.799 
   60450   120.736 
   60500   123.558 
   60550   120.665 
   60600   120.828 
   60650   123.781 
   60700   122.924 
   60750   121.568 
   60800   120.861 
   60850   119.949 
   60900   123.405 
   60950   122.275 
   61000   118.127 
   61050   123.017 
   61100   121.021 
   61150   120.712 
   61200   124.799 
   61250   120.955 
   61300   121.270 
   61350   122.075 
   61400   122.247 
   61450   119.866 
   61500   122.734 
   61550   123.284 
   61600   123.648 
   61650   126.288 
   61700   116.348 
   61750   122.728 
   61800   119.595 
   61850   122.121 
   61900   123.648 
   61950   123.180 
   62000   120.696 
   62050   123.434 
   62100   121.721 
   62150   121.688 
   62200   126.279 
   62250   126.390 
   62300   117.527 
   62350   121.348 
   62400   119.762 
   62450   120.531 
   62500   122.274 
   62550   121.364 
   62600   121.225 
   62650   122.898 
   62700   118.026 
   62750   124.720 
   62800   124.524 
   62850   121.289 
   62900   122.101 
   62950   122.179 
   63000   123.008 
   63050   119.252 
   63100   125.383 
   63150   125.449 
   63200   119.583 
   63250   122.638 
   63300   123.639 
   63350   124.055 
   63400   123.759 
   63450   124.609 
   63500   118.853 
   63550   123.105 
   63600   124.051 
   63650   119.868 
   63700   124.047 
   63750   124.494 
   63800   117.632 
   63850   121.988 
   63900   120.315 
   63950   120.354 
   64000   121.395 
   64050   121.240 
   64100   124.303 
   64150   121.887 
   64200   120.611 
   64250   120.736 
   64300   119.677 
   64350   121.116 
   64400   120.804 
   64450   124.950 
   64500   119.158 
   64550   123.236 
   64600   118.042 
   64650   120.171 
   64700   120.215 
   64750   123.384 
   64800   123.004 
   64850   124.644 
   64900   119.575 
   64950   125.638 
   65000   122.384 
   65050   121.173 
   65100   125.508 
   65150   119.608 
   65200   122.750 
   65250   123.212 
   65300   118.771 
   65350   127.207 
   65400   124.896 
   65450   120.170 
   65500   123.643 
   65550   118.190 
   65600   118.294 
   65650   125.525 
   65700   122.380 
   65750   124.359 
   65800   123.918 
   65850   120.959 
   65900   117.388 
   65950   122.503 
   66000   122.912 
   66050   123.512 
   66100   123.212 
   66150   114.923 
   66200   122.729 
   66250   120.519 
   66300   122.754 
   66350   122.989 
   66400   123.152 
   66450   121.903 
   66500   117.489 
   66550   120.989 
   66600   123.354 
   66650   122.204 
   66700   121.208 
   66750   118.911 
   66800   124.036 
   66850   118.286 
   66900   124.493 
   66950   121.992 
   67000   121.318 
   67050   125.459 
   67100   119.393 
   67150   124.081 
   67200   122.187 
   67250   117.691 
   67300   123.742 
   67350   120.066 
   67400   124.362 
   67450   124.349 
   67500   122.872 
   67550   122.337 
   67600   123.008 
   67650   123.460 
   67700   121.194 
   67750   123.752 
   67800   124.298 
   67850   122.775 
   67900   123.585 
   67950   122.519 
   68000   120.479 
   68050   126.309 
   68100   120.680 
   68150   123.789 
   68200   120.948 
   68250   120.013 
   68300   125.777 
   68350   122.998 
   68400   117.973 
   68450   124.619 
   68500   119.719 
   68550   124.899 
   68600   124.333 
   68650   120.681 
   68700   120.366 
   68750   118.387 
   68800   123.603 
   68850   125.819 
   68900   121.023 
   68950   126.953 
   69000   122.398 
   69050   120.902 
   69100   122.057 
   69150   124.339 
   69200   124.452 
   69250   122.803 
   69300   123.321 
   69350   122.551 
   69400   119.307 
   69450   126.087 
   69500   119.547 
   69550   123.548 
   69600   124.939 
   69650   118.910 
   69700   122.166 
   69750   122.030 
   69800   119.086 
   69850   122.829 
   69900   120.968 
   69950   121.667 
   70000   121.007 
   70050   122.787 
   70100   121.175 
   70150   122.009 
   70200   122.132 
   70250   122.954 
   70300   120.516 
   70350   122.332 
   70400   122.745 
   70450   121.165 
   70500   126.133 
   70550   120.184 
   70600   120.776 
   70650   121.730 
   70700   121.013 
   70750   126.160 
   70800   119.557 
   70850   122.292 
   70900   121.543 
   70950   123.686 
   71000   123.163 
   71050   120.559 
   71100   120.288 
   71150   123.439 
   71200   123.631 
   71250   120.831 
   71300   123.078 
   71350   119.636 
   71400   117.994 
   71450   123.321 
   71500   120.526 
   71550   126.888 
   71600   121.082 
   71650   116.511 
   71700   121.782 
   71750   121.732 
   71800   126.182 
   71850   119.612 
   71900   122.630 
   71950   122.283 
   72000   122.349 
   72050   118.419 
   72100   121.229 
   72150   121.257 
   72200   121.397 
   72250   122.799 
   72300   118.517 
   72350   125.544 
   72400   121.797 
   72450   120.310 
   72500   121.723 
   72550   125.177 
   72600   123.638 
   72650   117.047 
   72700   123.264 
   72750   118.645 
   72800   121.791 
   72850   121.531 
   72900   122.355 
   72950   123.984 
   73000   121.807 
   73050   122.600 
   73100   123.421 
   73150   120.274 
   73200   118.764 
   73250   118.573 
   73300   121.351 
   73350   123.047 
   73400   125.614 
   73450   121.149 
   73500   118.757 
   73550   120.300 
   73600   122.214 
   73650   123.415 
   73700   121.086 
   73750   120.204 
   73800   124.714 
   73850   121.953 
   73900   120.119 
   73950   122.426 
   74000   123.455 
   74050   118.218 
   74100   121.442 
   74150   123.780 
   74200   120.319 
   74250   122.139 
   74300   119.824 
   74350   121.919 
   74400   119.679 
   74450   119.862 
   74500   124.384 
   74550   119.757 
   74600   124.806 
   74650   126.020 
   74700   118.223 
   74750   122.069 
   74800   121.982 
   74850   120.504 
   74900   125.548 
   74950   124.119 
   75000   122.050 
   75050   117.986 
   75100   122.312 
   75150   124.235 
   75200   121.832 
   75250   122.148 
   75300   124.234 
   75350   125.243 
   75400   120.947 
   75450   121.205 
   75500   120.103 
   75550   119.216 
   75600   122.808 
   75650   122.888 
   75700   124.058 
   75750   128.759 
   75800   120.665 
   75850   119.590 
   75900   119.675 
   75950   121.457 
   76000   122.838 
   76050   121.936 
   76100   124.070 
   76150   124.090 
   76200   120.827 
   76250   123.378 
   76300   125.053 
   76350   121.178 
   76400   117.236 
   76450   121.543 
   76500   122.551 
   76550   124.773 
   76600   122.025 
   76650   117.176 
   76700   124.161 
   76750   123.875 
   76800   121.097 
   76850   122.473 
   76900   117.487 
   76950   124.011 
   77000   122.821 
   77050   120.557 
   77100   125.073 
   77150   119.532 
   77200   124.370 
   77250   125.572 
   77300   121.930 
   77350   125.002 
   77400   125.539 
   77450   124.166 
   77500   126.770 
   77550   123.849 
   77600   128.123 
   77650   120.034 
   77700   123.039 
   77750   123.184 
   77800   125.994 
   77850   126.651 
   77900   123.659 
   77950   123.209 
   78000   125.286 
   78050   117.985 
   78100   124.055 
   78150   123.817 
   78200   122.264 
   78250   120.664 
   78300   123.232 
   78350   123.536 
   78400   121.830 
   78450   123.200 
   78500   120.202 
   78550   121.916 
   78600   119.012 
   78650   121.675 
   78700   128.179 
   78750   121.269 
   78800   118.799 
   78850   122.511 
   78900   121.811 
   78950   124.523 
   79000   120.092 
   79050   120.916 
   79100   123.327 
   79150   120.845 
   79200   123.886 
   79250   123.496 
   79300   120.997 
   79350   123.962 
   79400   123.528 
   79450   118.515 
   79500   124.225 
   79550   121.748 
   79600   124.648 
   79650   123.048 
   79700   122.223 
   79750   124.063 
   79800   120.655 
   79850   121.586 
   79900   123.343 
   79950   121.332 
   80000   121.826 
   80050   121.654 
   80100   121.801 
   80150   122.736 
   80200   125.447 
   80250   122.795 
   80300   123.134 
   80350   121.035 
   80400   124.538 
   80450   117.684 
   80500   122.480 
   80550   122.393 
   80600   121.829 
   80650   123.442 
   80700   119.869 
   80750   122.933 
   80800   121.513 
   80850   121.524 
   80900   121.026 
   80950   127.133 
   81000   123.850 
   81050   123.015 
   81100   120.856 
   81150   119.389 
   81200   121.729 
   81250   120.641 
   81300   119.162 
   81350   124.500 
   81400   121.098 
   81450   124.664 
   81500   122.230 
   81550   122.300 
   81600   119.509 
   81650   121.641 
   81700   123.417 
   81750   125.382 
   81800   122.883 
   81850   122.352 
   81900   122.628 
   81950   122.102 
   82000   118.440 
   82050   123.189 
   82100   119.903 
   82150   127.393 
   82200   123.611 
   82250   122.404 
   82300   123.439 
   82350   121.275 
   82400   120.519 
   82450   125.672 
   82500   121.992 
   82550   124.280 
   82600   119.852 
   82650   126.954 
   82700   125.184 
   82750   120.842 
   82800   122.465 
   82850   123.776 
   82900   123.700 
   82950   122.747 
   83000   119.882 
   83050   125.390 
   83100   122.352 
   83150   124.372 
   83200   124.601 
   83250   122.875 
   83300   120.728 
   83350   121.236 
   83400   120.477 
   83450   124.273 
   83500   123.857 
   83550   124.935 
   83600   123.756 
   83650   119.777 
   83700   123.490 
   83750   124.963 
   83800   119.483 
   83850   120.796 
   83900   123.702 
   83950   121.687 
   84000   121.464 
   84050   122.496 
   84100   124.040 
   84150   122.903 
   84200   118.949 
   84250   122.214 
   84300   123.112 
   84350   121.122 
   84400   119.129 
   84450   124.015 
   84500   121.287 
   84550   120.621 
   84600   120.407 
   84650   121.609 
   84700   123.410 
   84750   121.384 
   84800   120.693 
   84850   124.696 
   84900   123.918 
   84950   119.893 
   85000   120.394 
   85050   126.476 
   85100   122.854 
   85150   122.832 
   85200   125.826 
   85250   122.938 
   85300   122.306 
   85350   120.288 
   85400   123.009 
   85450   124.365 
   85500   119.946 
   85550   122.349 
   85600   125.324 
   85650   123.013 
   85700   119.820 
   85750   122.059 
   85800   121.637 
   85850   125.123 
   85900   120.813 
   85950   123.773 
   86000   122.215 
   86050   123.128 
   86100   118.109 
   86150   122.943 
   86200   124.189 
   86250   120.979 
   86300   120.696 
   86350   121.103 
   86400   119.684 
   86450   121.668 
   86500   114.022 
   86550   119.525 
   86600   126.314 
   86650   123.046 
   86700   122.209 
   86750   120.719 
   86800   118.284 
   86850   120.615 
   86900   123.493 
   86950   126.958 
   87000   121.555 
   87050   119.891 
   87100   119.185 
   87150   123.747 
   87200   126.079 
   87250   121.793 
   87300   123.400 
   87350   121.620 
   87400   123.152 
   87450   123.920 
   87500   121.671 
   87550   124.975 
   87600   122.498 
   87650   121.433 
   87700   121.342 
   87750   121.144 
   87800   125.592 
   87850   122.767 
   87900   121.704 
   87950   120.415 
   88000   124.379 
   88050   121.913 
   88100   121.691 
   88150   121.910 
   88200   121.301 
   88250   122.533 
   88300   121.626 
   88350   118.375 
   88400   124.485 
   88450   122.638 
   88500   121.633 
   88550   120.551 
   88600   120.583 
   88650   124.787 
   88700   119.398 
   88750   124.843 
   88800   120.419 
   88850   122.000 
   88900   123.511 
   88950   124.495 
   89000   121.632 
   89050   120.688 
   89100   122.803 
   89150   116.858 
   89200   126.554 
   89250   126.366 
   89300   126.061 
   89350   122.039 
   89400   119.120 
   89450   126.236 
   89500   123.191 
   89550   121.448 
   89600   121.285 
   89650   120.510 
   89700   125.572 
   89750   122.333 
   89800   121.479 
   89850   125.519 
   89900   119.571 
   89950   117.638 
   90000   124.309 
   90050   123.049 
   90100   125.480 
   90150   119.185 
   90200   122.882 
   90250   119.921 
   90300   121.276 
   90350   123.246 
   90400   118.775 
   90450   121.291 
   90500   121.010 
   90550   122.062 
   90600   119.631 
   90650   120.572 
   90700   123.203 
   90750   124.396 
   90800   121.222 
   90850   123.850 
   90900   119.609 
   90950   124.307 
   91000   118.993 
   91050   125.110 
   91100   124.879 
   91150   122.313 
   91200   122.257 
   91250   121.001 
   91300   123.307 
   91350   125.706 
   91400   127.530 
   91450   119.603 
   91500   120.936 
   91550   123.124 
   91600   124.689 
   91650   126.696 
   91700   125.849 
   91750   120.430 
   91800   126.581 
   91850   121.402 
   91900   119.316 
   91950   121.763 
   92000   124.110 
   92050   125.127 
   92100   120.299 
   92150   118.577 
   92200   118.373 
   92250   120.295 
   92300   123.447 
   92350   119.854 
   92400   122.611 
   92450   120.418 
   92500   123.197 
   92550   121.996 
   92600   121.166 
   92650   125.108 
   92700   125.527 
   92750   123.128 
   92800   125.094 
   92850   120.903 
   92900   121.945 
   92950   118.974 
   93000   123.521 
   93050   126.060 
   93100   121.657 
   93150   123.374 
   93200   121.802 
   93250   119.633 
   93300   121.361 
   93350   121.960 
   93400   124.100 
   93450   125.023 
   93500   120.305 
   93550   123.679 
   93600   123.232 
   93650   120.253 
   93700   120.002 
   93750   123.821 
   93800   119.390 
   93850   121.331 
   93900   126.036 
   93950   122.962 
   94000   120.965 
   94050   120.685 
   94100   120.485 
   94150   120.291 
   94200   122.347 
   94250   121.558 
   94300   125.827 
   94350   119.916 
   94400   121.419 
   94450   116.450 
   94500   123.177 
   94550   124.447 
   94600   121.865 
   94650   124.495 
   94700   119.220 
   94750   118.668 
   94800   126.713 
   94850   120.824 
   94900   122.725 
   94950   123.669 
   95000   121.255 
   95050   120.703 
   95100   119.889 
   95150   124.090 
   95200   127.687 
   95250   119.506 
   95300   123.386 
   95350   119.945 
   95400   124.811 
   95450   122.471 
   95500   122.633 
   95550   120.135 
   95600   125.046 
   95650   122.551 
   95700   122.335 
   95750   121.088 
   95800   123.452 
   95850   123.742 
   95900   121.688 
   95950   120.280 
   96000   120.216 
   96050   124.391 
   96100   123.258 
   96150   119.133 
   96200   122.837 
   96250   120.018 
   96300   125.598 
   96350   120.615 
   96400   121.414 
   96450   123.511 
   96500   119.450 
   96550   124.838 
   96600   122.597 
   96650   119.248 
   96700   124.734 
   96750   121.040 
   96800   118.166 
   96850   123.550 
   96900   122.310 
   96950   122.191 
   97000   121.085 
   97050   117.079 
   97100   122.674 
   97150   122.271 
   97200   120.657 
   97250   124.749 
   97300   119.057 
   97350   121.228 
   97400   125.429 
   97450   119.131 
   97500   124.542 
   97550   123.777 
   97600   121.079 
   97650   121.050 
   97700   119.460 
   97750   123.394 
   97800   125.971 
   97850   120.884 
   97900   124.199 
   97950   119.919 
   98000   122.068 
   98050   127.378 
   98100   121.914 
   98150   119.032 
   98200   121.987 
   98250   122.082 
   98300   121.627 
   98350   128.560 
   98400   119.606 
   98450   122.255 
   98500   121.074 
   98550   118.391 
   98600   124.127 
   98650   124.132 
   98700   115.763 
   98750   123.069 
   98800   119.908 
   98850   119.545 
   98900   125.311 
   98950   119.401 
   99000   119.464 
   99050   121.867 
   99100   123.695 
   99150   122.380 
   99200   120.823 
   99250   117.955 
   99300   121.798 
   99350   119.771 
   99400   121.989 
   99450   123.205 
   99500   119.633 
   99550   118.938 
   99600   124.037 
   99650   120.871 
   99700   122.038 
   99750   121.701 
   99800   119.672 
   99850   122.568 
   99900   121.110 
   99950   121.169 
