       0   167.107 
      50   167.438 
     100   166.224 
     150   170.678 
     200   169.446 
     250   166.331 
     300   168.615 
     350   165.275 
     400   167.677 
     450   168.728 
     500   169.251 
     550   167.915 
     600   170.577 
     650   168.539 
     700   164.754 
     750   168.214 
     800   169.910 
     850   169.652 
     900   168.231 
     950   166.537 
    1000   168.816 
    1050   168.713 
    1100   162.553 
    1150   173.067 
    1200   169.368 
    1250   171.019 
    1300   166.495 
    1350   166.866 
    1400   167.234 
    1450   167.834 
    1500   168.168 
    1550   170.000 
    1600   167.289 
    1650   164.822 
    1700   170.134 
    1750   163.437 
    1800   168.562 
    1850   166.635 
    1900   170.964 
    1950   168.234 
    2000   166.011 
    2050   166.970 
    2100   170.447 
    2150   169.398 
    2200   167.893 
    2250   169.364 
    2300   168.835 
    2350   166.288 
    2400   166.221 
    2450   171.644 
    2500   169.134 
    2550   167.527 
    2600   167.082 
    2650   165.433 
    2700   165.269 
    2750   171.800 
    2800   166.054 
    2850   169.430 
    2900   169.195 
    2950   169.544 
    3000   170.761 
    3050   167.810 
    3100   169.116 
    3150   167.217 
    3200   169.920 
    3250   170.737 
    3300   167.927 
    3350   166.702 
    3400   171.231 
    3450   170.217 
    3500   167.280 
    3550   166.877 
    3600   170.358 
    3650   169.289 
    3700   167.995 
    3750   165.639 
    3800   170.741 
    3850   173.735 
    3900   166.576 
    3950   165.799 
    4000   167.395 
    4050   171.465 
    4100   168.362 
    4150   166.305 
    4200   164.543 
    4250   168.818 
    4300   171.197 
    4350   166.903 
    4400   167.582 
    4450   164.608 
    4500   173.757 
    4550   167.359 
    4600   168.410 
    4650   169.807 
    4700   165.252 
    4750   167.771 
    4800   167.447 
    4850   170.875 
    4900   168.121 
    4950   168.404 
    5000   172.534 
    5050   167.171 
    5100   166.019 
    5150   171.719 
    5200   170.619 
    5250   169.180 
    5300   166.259 
    5350   168.625 
    5400   167.521 
    5450   166.147 
    5500   169.245 
    5550   166.809 
    5600   166.382 
    5650   165.756 
    5700   170.139 
    5750   170.111 
    5800   171.841 
    5850   168.210 
    5900   167.249 
    5950   168.467 
    6000   168.293 
    6050   169.124 
    6100   168.660 
    6150   166.653 
    6200   167.280 
    6250   169.902 
    6300   171.349 
    6350   165.676 
    6400   167.591 
    6450   165.787 
    6500   167.882 
    6550   171.975 
    6600   168.615 
    6650   171.155 
    6700   165.510 
    6750   167.892 
    6800   166.009 
    6850   169.932 
    6900   174.731 
    6950   167.599 
    7000   166.972 
    7050   164.890 
    7100   171.356 
    7150   169.210 
    7200   166.235 
    7250   169.350 
    7300   166.374 
    7350   168.758 
    7400   168.868 
    7450   168.092 
    7500   170.113 
    7550   166.395 
    7600   172.079 
    7650   169.444 
    7700   171.045 
    7750   167.207 
    7800   166.022 
    7850   169.968 
    7900   173.915 
    7950   169.919 
    8000   165.649 
    8050   171.551 
    8100   167.932 
    8150   168.990 
    8200   164.556 
    8250   169.981 
    8300   171.348 
    8350   164.023 
    8400   165.638 
    8450   172.215 
    8500   171.205 
    8550   165.888 
    8600   169.190 
    8650   170.145 
    8700   167.383 
    8750   167.905 
    8800   168.695 
    8850   169.630 
    8900   169.441 
    8950   164.439 
    9000   170.960 
    9050   171.633 
    9100   167.662 
    9150   165.805 
    9200   166.683 
    9250   171.147 
    9300   171.840 
    9350   165.135 
    9400   171.256 
    9450   166.676 
    9500   169.030 
    9550   165.776 
    9600   166.886 
    9650   170.968 
    9700   166.869 
    9750   168.261 
    9800   165.647 
    9850   171.858 
    9900   170.390 
    9950   163.784 
   10000   168.513 
   10050   170.094 
   10100   171.254 
   10150   164.474 
   10200   164.798 
   10250   168.767 
   10300   168.522 
   10350   168.159 
   10400   170.214 
   10450   172.162 
   10500   172.306 
   10550   164.424 
   10600   164.248 
   10650   171.709 
   10700   167.115 
   10750   170.288 
   10800   166.381 
   10850   169.650 
   10900   167.687 
   10950   170.408 
   11000   169.391 
   11050   171.008 
   11100   165.557 
   11150   170.629 
   11200   168.976 
   11250   168.714 
   11300   167.049 
   11350   170.316 
   11400   173.197 
   11450   167.865 
   11500   169.066 
   11550   167.952 
   11600   171.368 
   11650   169.247 
   11700   167.820 
   11750   167.908 
   11800   171.885 
   11850   166.831 
   11900   166.081 
   11950   168.480 
   12000   170.160 
   12050   169.690 
   12100   165.975 
   12150   169.075 
   12200   167.160 
   12250   164.497 
   12300   167.093 
   12350   172.480 
   12400   167.428 
   12450   164.557 
   12500   165.757 
   12550   171.146 
   12600   168.741 
   12650   166.813 
   12700   170.976 
   12750   166.454 
   12800   169.987 
   12850   165.424 
   12900   168.420 
   12950   169.246 
   13000   166.543 
   13050   166.601 
   13100   168.264 
   13150   170.542 
   13200   167.504 
   13250   164.357 
   13300   165.756 
   13350   167.999 
   13400   166.399 
   13450   168.301 
   13500   165.840 
   13550   168.120 
   13600   170.991 
   13650   166.763 
   13700   168.668 
   13750   166.080 
   13800   166.776 
   13850   167.268 
   13900   168.849 
   13950   169.376 
   14000   167.290 
   14050   167.212 
   14100   170.274 
   14150   165.187 
   14200   170.650 
   14250   168.514 
   14300   168.975 
   14350   166.792 
   14400   164.483 
   14450   168.981 
   14500   171.726 
   14550   169.712 
   14600   167.947 
   14650   166.071 
   14700   169.031 
   14750   167.074 
   14800   169.932 
   14850   168.825 
   14900   166.449 
   14950   169.001 
   15000   166.104 
   15050   170.170 
   15100   166.538 
   15150   168.255 
   15200   167.621 
   15250   167.261 
   15300   169.477 
   15350   167.173 
   15400   169.270 
   15450   166.569 
   15500   167.945 
   15550   167.072 
   15600   166.048 
   15650   170.245 
   15700   170.500 
   15750   170.197 
   15800   163.888 
   15850   167.995 
   15900   173.192 
   15950   169.182 
   16000   167.322 
   16050   168.385 
   16100   168.440 
   16150   168.406 
   16200   168.874 
   16250   169.501 
   16300   167.584 
   16350   165.658 
   16400   167.607 
   16450   167.472 
   16500   171.159 
   16550   167.586 
   16600   168.001 
   16650   167.824 
   16700   169.036 
   16750   164.816 
   16800   170.020 
   16850   172.260 
   16900   167.629 
   16950   161.577 
   17000   164.478 
   17050   172.667 
   17100   165.427 
   17150   167.719 
   17200   165.233 
   17250   170.085 
   17300   171.924 
   17350   170.545 
   17400   165.808 
   17450   166.643 
   17500   171.405 
   17550   164.198 
   17600   166.137 
   17650   170.679 
   17700   171.159 
   17750   169.312 
   17800   168.046 
   17850   165.994 
   17900   166.712 
   17950   170.736 
   18000   166.343 
   18050   166.180 
   18100   165.595 
   18150   171.567 
   18200   168.370 
   18250   165.934 
   18300   168.525 
   18350   169.741 
   18400   169.466 
   18450   168.261 
   18500   167.657 
   18550   166.894 
   18600   165.502 
   18650   167.042 
   18700   170.368 
   18750   175.345 
   18800   169.214 
   18850   169.741 
   18900   169.027 
   18950   168.177 
   19000   169.572 
   19050   169.893 
   19100   170.860 
   19150   167.030 
   19200   165.228 
   19250   169.164 
   19300   170.600 
   19350   168.542 
   19400   166.948 
   19450   168.771 
   19500   169.827 
   19550   166.739 
   19600   169.722 
   19650   168.585 
   19700   172.935 
   19750   167.325 
   19800   169.380 
   19850   164.444 
   19900   167.912 
   19950   175.440 
   20000   167.447 
   20050   172.426 
   20100   165.035 
   20150   170.029 
   20200   165.808 
   20250   167.024 
   20300   169.944 
   20350   169.260 
   20400   174.004 
   20450   163.116 
   20500   168.584 
   20550   168.691 
   20600   170.744 
   20650   169.636 
   20700   164.986 
   20750   170.732 
   20800   167.806 
   20850   170.133 
   20900   169.999 
   20950   168.863 
   21000   167.102 
   21050   166.064 
   21100   169.159 
   21150   163.418 
   21200   167.709 
   21250   167.540 
   21300   171.778 
   21350   167.385 
   21400   168.846 
   21450   167.642 
   21500   170.440 
   21550   166.496 
   21600   167.799 
   21650   165.972 
   21700   165.569 
   21750   169.616 
   21800   165.773 
   21850   166.886 
   21900   168.260 
   21950   167.771 
   22000   169.579 
   22050   170.139 
   22100   166.529 
   22150   164.116 
   22200   166.565 
   22250   165.419 
   22300   166.241 
   22350   169.907 
   22400   169.064 
   22450   165.695 
   22500   168.571 
   22550   167.230 
   22600   168.787 
   22650   171.099 
   22700   168.326 
   22750   168.039 
   22800   168.301 
   22850   166.182 
   22900   170.803 
   22950   169.366 
   23000   168.470 
   23050   168.381 
   23100   166.067 
   23150   170.935 
   23200   168.798 
   23250   169.864 
   23300   169.325 
   23350   167.912 
   23400   167.959 
   23450   168.749 
   23500   167.393 
   23550   168.956 
   23600   170.435 
   23650   168.418 
   23700   169.676 
   23750   169.925 
   23800   165.230 
   23850   170.474 
   23900   168.622 
   23950   168.519 
   24000   164.916 
   24050   168.146 
   24100   171.392 
   24150   166.978 
   24200   164.903 
   24250   168.088 
   24300   168.195 
   24350   168.979 
   24400   167.598 
   24450   170.732 
   24500   171.488 
   24550   166.844 
   24600   170.235 
   24650   167.387 
   24700   171.900 
   24750   169.039 
   24800   171.448 
   24850   170.803 
   24900   168.608 
   24950   169.283 
   25000   169.557 
   25050   170.629 
   25100   166.600 
   25150   168.071 
   25200   170.287 
   25250   169.593 
   25300   167.842 
   25350   168.006 
   25400   166.902 
   25450   169.244 
   25500   166.221 
   25550   172.212 
   25600   164.906 
   25650   167.721 
   25700   167.766 
   25750   168.630 
   25800   170.001 
   25850   168.366 
   25900   170.047 
   25950   166.562 
   26000   166.815 
   26050   171.917 
   26100   170.237 
   26150   166.736 
   26200   171.065 
   26250   168.324 
   26300   169.670 
   26350   166.255 
   26400   166.767 
   26450   174.187 
   26500   166.663 
   26550   168.730 
   26600   166.193 
   26650   168.193 
   26700   168.192 
   26750   169.469 
   26800   168.842 
   26850   168.994 
   26900   167.052 
   26950   165.774 
   27000   167.613 
   27050   167.361 
   27100   163.685 
   27150   167.196 
   27200   170.646 
   27250   169.223 
   27300   167.288 
   27350   163.828 
   27400   168.729 
   27450   166.054 
   27500   170.697 
   27550   167.298 
   27600   166.480 
   27650   169.644 
   27700   168.485 
   27750   169.636 
   27800   168.801 
   27850   166.281 
   27900   165.864 
   27950   164.245 
   28000   168.455 
   28050   164.999 
   28100   171.058 
   28150   165.705 
   28200   166.386 
   28250   169.616 
   28300   169.641 
   28350   167.154 
   28400   166.863 
   28450   169.532 
   28500   171.086 
   28550   166.194 
   28600   167.943 
   28650   166.219 
   28700   169.490 
   28750   168.490 
   28800   167.965 
   28850   166.728 
   28900   163.708 
   28950   168.440 
   29000   169.610 
   29050   165.946 
   29100   165.595 
   29150   165.158 
   29200   167.522 
   29250   166.857 
   29300   168.790 
   29350   167.714 
   29400   171.297 
   29450   168.326 
   29500   165.926 
   29550   169.687 
   29600   169.181 
   29650   172.325 
   29700   169.173 
   29750   171.870 
   29800   170.493 
   29850   168.535 
   29900   170.407 
   29950   170.190 
   30000   168.337 
   30050   168.307 
   30100   169.649 
   30150   171.691 
   30200   168.345 
   30250   169.484 
   30300   167.739 
   30350   168.883 
   30400   165.063 
   30450   171.167 
   30500   171.615 
   30550   168.382 
   30600   164.333 
   30650   168.640 
   30700   170.106 
   30750   172.300 
   30800   166.234 
   30850   166.943 
   30900   165.869 
   30950   169.298 
   31000   169.824 
   31050   164.537 
   31100   167.737 
   31150   165.502 
   31200   169.260 
   31250   166.303 
   31300   167.204 
   31350   169.458 
   31400   166.624 
   31450   168.646 
   31500   167.193 
   31550   166.157 
   31600   166.217 
   31650   167.805 
   31700   168.021 
   31750   164.031 
   31800   166.013 
   31850   168.824 
   31900   164.543 
   31950   167.458 
   32000   168.290 
   32050   164.356 
   32100   169.635 
   32150   170.520 
   32200   168.276 
   32250   165.811 
   32300   167.831 
   32350   168.950 
   32400   166.263 
   32450   167.404 
   32500   170.107 
   32550   172.105 
   32600   167.103 
   32650   163.206 
   32700   167.624 
   32750   167.528 
   32800   173.450 
   32850   169.812 
   32900   167.553 
   32950   168.071 
   33000   172.542 
   33050   165.942 
   33100   167.001 
   33150   168.432 
   33200   170.928 
   33250   169.665 
   33300   168.317 
   33350   168.023 
   33400   168.516 
   33450   165.445 
   33500   168.983 
   33550   169.882 
   33600   168.448 
   33650   165.884 
   33700   169.251 
   33750   167.305 
   33800   163.560 
   33850   167.711 
   33900   170.510 
   33950   167.003 
   34000   168.365 
   34050   167.900 
   34100   166.629 
   34150   165.680 
   34200   167.029 
   34250   171.402 
   34300   171.369 
   34350   166.446 
   34400   165.588 
   34450   168.784 
   34500   169.062 
   34550   166.573 
   34600   170.239 
   34650   168.825 
   34700   170.482 
   34750   169.366 
   34800   167.467 
   34850   167.461 
   34900   167.522 
   34950   168.311 
   35000   169.217 
   35050   170.689 
   35100   169.673 
   35150   166.756 
   35200   165.031 
   35250   166.718 
   35300   170.620 
   35350   167.835 
   35400   165.350 
   35450   168.389 
   35500   164.953 
   35550   171.065 
   35600   170.219 
   35650   167.410 
   35700   173.607 
   35750   166.920 
   35800   167.084 
   35850   167.760 
   35900   168.704 
   35950   171.996 
   36000   165.425 
   36050   170.551 
   36100   167.517 
   36150   164.647 
   36200   168.810 
   36250   168.445 
   36300   168.991 
   36350   165.525 
   36400   165.813 
   36450   167.451 
   36500   165.349 
   36550   167.981 
   36600   166.476 
   36650   167.347 
   36700   169.082 
   36750   165.297 
   36800   163.548 
   36850   168.358 
   36900   174.084 
   36950   166.162 
   37000   170.679 
   37050   165.294 
   37100   166.570 
   37150   168.942 
   37200   166.043 
   37250   169.944 
   37300   168.542 
   37350   169.820 
   37400   167.413 
   37450   166.727 
   37500   168.989 
   37550   168.538 
   37600   166.380 
   37650   170.756 
   37700   170.949 
   37750   167.897 
   37800   163.244 
   37850   166.838 
   37900   168.962 
   37950   166.824 
   38000   168.095 
   38050   167.260 
   38100   170.606 
   38150   168.956 
   38200   166.857 
   38250   167.151 
   38300   167.275 
   38350   167.095 
   38400   168.088 
   38450   167.365 
   38500   166.406 
   38550   171.385 
   38600   169.759 
   38650   167.270 
   38700   164.921 
   38750   168.088 
   38800   171.311 
   38850   168.818 
   38900   168.768 
   38950   165.301 
   39000   167.907 
   39050   171.128 
   39100   168.887 
   39150   169.121 
   39200   167.792 
   39250   165.963 
   39300   167.361 
   39350   169.207 
   39400   170.516 
   39450   167.637 
   39500   171.241 
   39550   167.771 
   39600   166.996 
   39650   169.890 
   39700   168.025 
   39750   172.080 
   39800   167.117 
   39850   168.392 
   39900   170.361 
   39950   167.830 
   40000   167.950 
   40050   166.439 
   40100   171.668 
   40150   169.769 
   40200   168.314 
   40250   171.496 
   40300   167.998 
   40350   168.087 
   40400   170.029 
   40450   170.566 
   40500   167.663 
   40550   168.508 
   40600   168.634 
   40650   168.204 
   40700   169.520 
   40750   168.277 
   40800   168.944 
   40850   164.945 
   40900   165.456 
   40950   172.900 
   41000   167.123 
   41050   168.931 
   41100   166.061 
   41150   170.975 
   41200   169.478 
   41250   167.335 
   41300   171.188 
   41350   165.474 
   41400   168.908 
   41450   169.010 
   41500   166.033 
   41550   168.620 
   41600   169.545 
   41650   167.129 
   41700   168.799 
   41750   166.036 
   41800   164.536 
   41850   165.877 
   41900   166.601 
   41950   166.636 
   42000   168.691 
   42050   171.733 
   42100   166.719 
   42150   167.752 
   42200   168.441 
   42250   168.171 
   42300   168.677 
   42350   166.437 
   42400   166.870 
   42450   169.863 
   42500   168.857 
   42550   169.296 
   42600   169.004 
   42650   167.077 
   42700   169.511 
   42750   167.049 
   42800   167.367 
   42850   168.695 
   42900   166.077 
   42950   167.777 
   43000   170.197 
   43050   167.407 
   43100   168.092 
   43150   171.406 
   43200   169.461 
   43250   167.865 
   43300   171.240 
   43350   168.699 
   43400   166.906 
   43450   169.949 
   43500   169.810 
   43550   168.048 
   43600   166.824 
   43650   168.456 
   43700   167.577 
   43750   168.267 
   43800   167.812 
   43850   168.509 
   43900   168.913 
   43950   168.432 
   44000   168.143 
   44050   169.573 
   44100   170.704 
   44150   170.589 
   44200   167.135 
   44250   166.524 
   44300   170.063 
   44350   168.787 
   44400   170.089 
   44450   171.746 
   44500   167.862 
   44550   169.415 
   44600   168.925 
   44650   171.200 
   44700   168.025 
   44750   171.630 
   44800   170.623 
   44850   167.667 
   44900   168.335 
   44950   167.389 
   45000   168.243 
   45050   168.632 
   45100   165.969 
   45150   166.747 
   45200   165.237 
   45250   170.508 
   45300   168.692 
   45350   165.488 
   45400   166.754 
   45450   168.384 
   45500   170.208 
   45550   162.107 
   45600   165.811 
   45650   169.741 
   45700   168.123 
   45750   169.754 
   45800   168.319 
   45850   163.841 
   45900   168.568 
   45950   166.878 
   46000   168.878 
   46050   164.512 
   46100   164.630 
   46150   171.530 
   46200   168.637 
   46250   169.586 
   46300   167.313 
   46350   169.645 
   46400   169.131 
   46450   167.525 
   46500   166.952 
   46550   167.312 
   46600   167.619 
   46650   168.926 
   46700   170.899 
   46750   171.508 
   46800   166.722 
   46850   170.208 
   46900   169.173 
   46950   170.011 
   47000   169.554 
   47050   168.765 
   47100   170.988 
   47150   167.877 
   47200   170.079 
   47250   169.948 
   47300   165.974 
   47350   169.701 
   47400   168.810 
   47450   166.584 
   47500   170.710 
   47550   169.407 
   47600   170.526 
   47650   167.740 
   47700   166.860 
   47750   167.019 
   47800   168.172 
   47850   171.107 
   47900   170.530 
   47950   165.737 
   48000   166.696 
   48050   168.027 
   48100   170.345 
   48150   165.754 
   48200   167.762 
   48250   170.586 
   48300   166.929 
   48350   166.507 
   48400   166.593 
   48450   166.734 
   48500   171.437 
   48550   165.705 
   48600   168.041 
   48650   168.510 
   48700   165.347 
   48750   167.709 
   48800   167.263 
   48850   170.576 
   48900   168.980 
   48950   165.947 
   49000   168.336 
   49050   164.523 
   49100   169.656 
   49150   166.194 
   49200   168.724 
   49250   169.368 
   49300   164.714 
   49350   170.428 
   49400   168.713 
   49450   170.139 
   49500   168.914 
   49550   169.440 
   49600   169.853 
   49650   169.376 
   49700   168.555 
   49750   168.713 
   49800   166.034 
   49850   165.442 
   49900   170.561 
   49950   172.901 
   50000   168.383 
   50050   166.323 
   50100   167.009 
   50150   174.690 
   50200   169.397 
   50250   170.018 
   50300   166.399 
   50350   169.660 
   50400   167.617 
   50450   169.170 
   50500   172.518 
   50550   164.124 
   50600   169.449 
   50650   169.846 
   50700   171.413 
   50750   169.814 
   50800   164.096 
   50850   168.591 
   50900   167.251 
   50950   172.577 
   51000   169.989 
   51050   167.137 
   51100   164.767 
   51150   171.999 
   51200   172.240 
   51250   168.258 
   51300   166.467 
   51350   164.440 
   51400   168.585 
   51450   168.347 
   51500   170.334 
   51550   169.412 
   51600   168.061 
   51650   170.151 
   51700   165.759 
   51750   173.628 
   51800   166.384 
   51850   169.134 
   51900   166.826 
   51950   170.079 
   52000   172.733 
   52050   166.785 
   52100   167.484 
   52150   170.249 
   52200   172.375 
   52250   170.719 
   52300   167.619 
   52350   170.326 
   52400   170.635 
   52450   167.425 
   52500   170.462 
   52550   168.956 
   52600   167.664 
   52650   167.793 
   52700   170.401 
   52750   169.993 
   52800   167.308 
   52850   167.199 
   52900   167.046 
   52950   167.467 
   53000   171.035 
   53050   169.442 
   53100   167.626 
   53150   169.475 
   53200   167.585 
   53250   168.328 
   53300   170.228 
   53350   170.872 
   53400   169.109 
   53450   168.757 
   53500   165.532 
   53550   167.228 
   53600   169.536 
   53650   174.408 
   53700   164.107 
   53750   165.389 
   53800   168.077 
   53850   169.220 
   53900   169.297 
   53950   167.276 
   54000   170.756 
   54050   170.330 
   54100   169.431 
   54150   166.834 
   54200   168.556 
   54250   170.401 
   54300   166.457 
   54350   168.113 
   54400   171.762 
   54450   169.339 
   54500   167.268 
   54550   166.276 
   54600   172.117 
   54650   171.601 
   54700   166.791 
   54750   169.730 
   54800   168.237 
   54850   170.319 
   54900   168.011 
   54950   172.251 
   55000   168.687 
   55050   166.743 
   55100   168.959 
   55150   167.838 
   55200   167.713 
   55250   168.131 
   55300   172.709 
   55350   173.590 
   55400   167.520 
   55450   168.131 
   55500   167.405 
   55550   166.626 
   55600   168.561 
   55650   170.370 
   55700   171.000 
   55750   162.055 
   55800   165.235 
   55850   173.038 
   55900   168.420 
   55950   168.586 
   56000   163.718 
   56050   170.075 
   56100   172.338 
   56150   162.727 
   56200   166.578 
   56250   168.884 
   56300   169.099 
   56350   166.054 
   56400   165.390 
   56450   171.335 
   56500   168.442 
   56550   167.850 
   56600   169.136 
   56650   166.564 
   56700   168.128 
   56750   164.412 
   56800   168.190 
   56850   169.594 
   56900   169.497 
   56950   168.202 
   57000   164.507 
   57050   168.624 
   57100   168.127 
   57150   165.587 
   57200   168.343 
   57250   169.186 
   57300   167.218 
   57350   169.606 
   57400   164.361 
   57450   169.992 
   57500   165.215 
   57550   166.086 
   57600   167.316 
   57650   167.721 
   57700   172.305 
   57750   168.637 
   57800   170.077 
   57850   167.223 
   57900   166.807 
   57950   169.615 
   58000   166.868 
   58050   166.913 
   58100   165.390 
   58150   170.799 
   58200   169.460 
   58250   168.550 
   58300   166.869 
   58350   167.029 
   58400   167.625 
   58450   169.228 
   58500   170.426 
   58550   166.578 
   58600   172.160 
   58650   166.540 
   58700   170.673 
   58750   166.021 
   58800   168.880 
   58850   167.602 
   58900   164.439 
   58950   173.130 
   59000   167.402 
   59050   173.023 
   59100   166.663 
   59150   166.600 
   59200   165.871 
   59250   163.036 
   59300   174.142 
   59350   166.390 
   59400   166.086 
   59450   164.825 
   59500   165.172 
   59550   171.794 
   59600   165.878 
   59650   169.358 
   59700   168.297 
   59750   168.530 
   59800   166.384 
   59850   160.744 
   59900   169.921 
   59950   170.346 
   60000   170.158 
   60050   166.840 
   60100   166.765 
   60150   166.409 
   60200   166.231 
   60250   170.154 
   60300   167.062 
   60350   168.200 
   60400   169.214 
   60450   167.219 
   60500   167.474 
   60550   164.379 
   60600   168.739 
   60650   166.093 
   60700   169.627 
   60750   163.826 
   60800   163.279 
   60850   168.439 
   60900   169.523 
   60950   169.760 
   61000   168.466 
   61050   168.007 
   61100   162.342 
   61150   167.568 
   61200   169.321 
   61250   172.491 
   61300   167.152 
   61350   167.347 
   61400   169.722 
   61450   165.292 
   61500   169.849 
   61550   168.881 
   61600   169.816 
   61650   169.703 
   61700   167.147 
   61750   170.511 
   61800   168.873 
   61850   169.597 
   61900   167.527 
   61950   166.562 
   62000   169.532 
   62050   167.601 
   62100   169.048 
   62150   168.743 
   62200   169.514 
   62250   166.905 
   62300   163.952 
   62350   172.215 
   62400   168.361 
   62450   169.671 
   62500   166.392 
   62550   165.229 
   62600   167.427 
   62650   164.681 
   62700   169.467 
   62750   172.058 
   62800   170.370 
   62850   166.045 
   62900   166.399 
   62950   168.964 
   63000   170.119 
   63050   169.770 
   63100   171.597 
   63150   171.483 
   63200   167.622 
   63250   170.342 
   63300   170.948 
   63350   166.161 
   63400   168.403 
   63450   167.482 
   63500   166.840 
   63550   167.763 
   63600   171.184 
   63650   170.045 
   63700   167.695 
   63750   168.975 
   63800   168.544 
   63850   171.737 
   63900   166.552 
   63950   167.360 
   64000   169.468 
   64050   170.014 
   64100   169.883 
   64150   162.953 
   64200   171.767 
   64250   166.976 
   64300   167.673 
   64350   165.870 
   64400   166.341 
   64450   167.073 
   64500   169.088 
   64550   169.265 
   64600   167.582 
   64650   168.079 
   64700   168.109 
   64750   166.428 
   64800   169.661 
   64850   171.114 
   64900   166.075 
   64950   164.939 
   65000   164.458 
   65050   168.336 
   65100   168.366 
   65150   169.949 
   65200   171.326 
   65250   169.750 
   65300   169.025 
   65350   164.623 
   65400   167.758 
   65450   167.438 
   65500   170.871 
   65550   168.933 
   65600   167.888 
   65650   169.557 
   65700   170.767 
   65750   168.398 
   65800   166.230 
   65850   165.522 
   65900   171.063 
   65950   171.258 
   66000   170.054 
   66050   168.140 
   66100   165.292 
   66150   170.804 
   66200   169.864 
   66250   167.752 
   66300   168.160 
   66350   167.600 
   66400   168.849 
   66450   167.980 
   66500   170.061 
   66550   171.998 
   66600   169.299 
   66650   166.243 
   66700   168.199 
   66750   170.070 
   66800   168.494 
   66850   170.273 
   66900   170.914 
   66950   168.481 
   67000   165.277 
   67050   168.413 
   67100   169.546 
   67150   169.985 
   67200   169.270 
   67250   165.901 
   67300   168.663 
   67350   174.323 
   67400   171.123 
   67450   171.383 
   67500   169.156 
   67550   167.263 
   67600   166.518 
   67650   166.134 
   67700   169.155 
   67750   170.460 
   67800   168.888 
   67850   163.355 
   67900   165.220 
   67950   169.489 
   68000   170.754 
   68050   169.627 
   68100   164.728 
   68150   167.289 
   68200   168.391 
   68250   164.059 
   68300   169.347 
   68350   171.074 
   68400   168.972 
   68450   164.004 
   68500   164.755 
   68550   171.931 
   68600   164.358 
   68650   168.342 
   68700   167.532 
   68750   171.349 
   68800   169.481 
   68850   165.388 
   68900   169.488 
   68950   169.751 
   69000   171.261 
   69050   165.764 
   69100   169.519 
   69150   169.276 
   69200   167.269 
   69250   168.729 
   69300   170.845 
   69350   169.427 
   69400   167.938 
   69450   168.638 
   69500   169.713 
   69550   167.784 
   69600   170.605 
   69650   169.596 
   69700   166.607 
   69750   168.435 
   69800   165.486 
   69850   172.874 
   69900   167.860 
   69950   167.340 
   70000   170.740 
   70050   165.545 
   70100   167.058 
   70150   170.604 
   70200   168.862 
   70250   168.603 
   70300   166.578 
   70350   167.244 
   70400   169.228 
   70450   170.984 
   70500   174.730 
   70550   166.426 
   70600   167.627 
   70650   167.538 
   70700   169.153 
   70750   167.304 
   70800   164.147 
   70850   168.757 
   70900   166.319 
   70950   165.547 
   71000   165.261 
   71050   167.951 
   71100   173.402 
   71150   165.314 
   71200   161.675 
   71250   169.210 
   71300   169.423 
   71350   171.192 
   71400   165.101 
   71450   167.981 
   71500   167.692 
   71550   168.272 
   71600   167.584 
   71650   164.311 
   71700   168.536 
   71750   167.116 
   71800   172.986 
   71850   167.140 
   71900   166.736 
   71950   169.531 
   72000   169.280 
   72050   169.528 
   72100   168.043 
   72150   168.350 
   72200   171.635 
   72250   165.367 
   72300   167.018 
   72350   169.503 
   72400   169.662 
   72450   168.757 
   72500   166.756 
   72550   168.515 
   72600   170.057 
   72650   168.651 
   72700   167.501 
   72750   169.400 
   72800   170.243 
   72850   169.148 
   72900   168.085 
   72950   169.443 
   73000   168.277 
   73050   169.051 
   73100   166.705 
   73150   169.071 
   73200   165.723 
   73250   169.997 
   73300   168.258 
   73350   167.740 
   73400   167.771 
   73450   166.162 
   73500   168.625 
   73550   168.051 
   73600   168.229 
   73650   170.347 
   73700   168.369 
   73750   168.214 
   73800   171.004 
   73850   165.398 
   73900   165.509 
   73950   168.959 
   74000   170.751 
   74050   166.777 
   74100   170.605 
   74150   168.326 
   74200   167.966 
   74250   168.680 
   74300   168.252 
   74350   166.906 
   74400   167.112 
   74450   171.817 
   74500   172.553 
   74550   167.100 
   74600   167.726 
   74650   166.732 
   74700   169.970 
   74750   170.559 
   74800   165.212 
   74850   171.883 
   74900   171.766 
   74950   168.844 
   75000   166.457 
   75050   166.598 
   75100   165.436 
   75150   168.674 
   75200   168.242 
   75250   169.555 
   75300   169.699 
   75350   167.206 
   75400   171.903 
   75450   165.892 
   75500   167.451 
   75550   166.599 
   75600   168.182 
   75650   172.345 
   75700   167.518 
   75750   168.990 
   75800   164.412 
   75850   169.209 
   75900   172.186 
   75950   168.036 
   76000   169.733 
   76050   165.515 
   76100   167.620 
   76150   171.987 
   76200   170.960 
   76250   171.392 
   76300   167.159 
   76350   167.431 
   76400   169.388 
   76450   170.767 
   76500   173.444 
   76550   168.174 
   76600   165.812 
   76650   166.924 
   76700   167.215 
   76750   167.319 
   76800   170.326 
   76850   170.844 
   76900   169.593 
   76950   169.452 
   77000   166.744 
   77050   168.263 
   77100   173.245 
   77150   170.767 
   77200   169.846 
   77250   167.892 
   77300   170.020 
   77350   171.598 
   77400   167.495 
   77450   175.478 
   77500   166.699 
   77550   170.678 
   77600   167.874 
   77650   165.001 
   77700   169.861 
   77750   167.627 
   77800   170.468 
   77850   172.104 
   77900   165.759 
   77950   169.231 
   78000   165.856 
   78050   169.805 
   78100   168.411 
   78150   167.214 
   78200   167.775 
   78250   166.493 
   78300   173.642 
   78350   167.169 
   78400   166.274 
   78450   168.769 
   78500   170.344 
   78550   169.421 
   78600   165.366 
   78650   170.218 
   78700   168.838 
   78750   167.413 
   78800   170.341 
   78850   168.361 
   78900   167.291 
   78950   168.189 
   79000   173.246 
   79050   171.781 
   79100   165.289 
   79150   168.002 
   79200   168.330 
   79250   167.907 
   79300   170.488 
   79350   170.799 
   79400   168.140 
   79450   167.874 
   79500   168.111 
   79550   170.483 
   79600   172.148 
   79650   166.904 
   79700   169.989 
   79750   167.175 
   79800   168.752 
   79850   168.561 
   79900   170.756 
   79950   166.473 
   80000   167.695 
   80050   169.930 
   80100   167.079 
   80150   167.183 
   80200   167.402 
   80250   169.351 
   80300   167.098 
   80350   167.878 
   80400   166.987 
   80450   166.124 
   80500   168.719 
   80550   169.047 
   80600   168.306 
   80650   167.532 
   80700   164.875 
   80750   169.299 
   80800   169.808 
   80850   166.413 
   80900   169.451 
   80950   166.734 
   81000   171.726 
   81050   170.499 
   81100   166.805 
   81150   166.238 
   81200   164.394 
   81250   173.139 
   81300   167.368 
   81350   169.845 
   81400   165.311 
   81450   161.791 
   81500   170.029 
   81550   170.500 
   81600   170.255 
   81650   163.567 
   81700   167.242 
   81750   169.567 
   81800   168.355 
   81850   169.694 
   81900   167.443 
   81950   168.472 
   82000   171.562 
   82050   170.480 
   82100   167.194 
   82150   164.996 
   82200   167.316 
   82250   166.860 
   82300   169.374 
   82350   169.203 
   82400   167.698 
   82450   167.643 
   82500   167.228 
   82550   169.725 
   82600   169.600 
   82650   166.896 
   82700   168.568 
   82750   167.181 
   82800   169.253 
   82850   167.098 
   82900   167.705 
   82950   174.179 
   83000   168.358 
   83050   169.252 
   83100   166.541 
   83150   165.641 
   83200   170.477 
   83250   168.100 
   83300   169.566 
   83350   166.663 
   83400   170.012 
   83450   167.940 
   83500   166.742 
   83550   169.055 
   83600   165.045 
   83650   166.808 
   83700   172.583 
   83750   166.954 
   83800   165.855 
   83850   164.075 
   83900   169.146 
   83950   170.401 
   84000   161.872 
   84050   168.685 
   84100   170.064 
   84150   169.029 
   84200   167.928 
   84250   165.097 
   84300   171.154 
   84350   164.870 
   84400   165.227 
   84450   170.553 
   84500   171.224 
   84550   166.620 
   84600   160.780 
   84650   164.536 
   84700   172.479 
   84750   170.322 
   84800   165.671 
   84850   163.078 
   84900   161.365 
   84950   173.580 
   85000   169.403 
   85050   170.138 
   85100   170.158 
   85150   165.116 
   85200   170.294 
   85250   166.877 
   85300   169.195 
   85350   168.133 
   85400   169.022 
   85450   170.418 
   85500   167.235 
   85550   169.591 
   85600   170.574 
   85650   165.863 
   85700   169.266 
   85750   165.398 
   85800   171.246 
   85850   169.827 
   85900   165.122 
   85950   169.902 
   86000   171.551 
   86050   165.930 
   86100   167.406 
   86150   167.177 
   86200   167.779 
   86250   166.801 
   86300   169.063 
   86350   169.691 
   86400   167.832 
   86450   166.696 
   86500   167.277 
   86550   165.397 
   86600   169.862 
   86650   166.249 
   86700   166.316 
   86750   167.450 
   86800   167.345 
   86850   164.949 
   86900   165.875 
   86950   167.007 
   87000   169.308 
   87050   169.085 
   87100   167.994 
   87150   167.681 
   87200   166.246 
   87250   170.121 
   87300   169.803 
   87350   166.265 
   87400   165.167 
   87450   167.388 
   87500   170.431 
   87550   167.638 
   87600   165.499 
   87650   169.418 
   87700   168.237 
   87750   168.908 
   87800   169.594 
   87850   166.952 
   87900   171.408 
   87950   165.146 
   88000   167.029 
   88050   170.877 
   88100   170.349 
   88150   168.916 
   88200   166.584 
   88250   164.309 
   88300   167.105 
   88350   166.576 
   88400   168.546 
   88450   169.086 
   88500   165.935 
   88550   166.289 
   88600   168.412 
   88650   171.868 
   88700   168.031 
   88750   168.171 
   88800   170.687 
   88850   168.883 
   88900   169.302 
   88950   168.424 
   89000   170.105 
   89050   169.114 
   89100   165.845 
   89150   168.884 
   89200   170.154 
   89250   170.983 
   89300   167.383 
   89350   167.621 
   89400   167.389 
   89450   168.339 
   89500   169.093 
   89550   167.312 
   89600   165.262 
   89650   168.267 
   89700   170.530 
   89750   172.394 
   89800   162.891 
   89850   169.528 
   89900   166.443 
   89950   170.306 
   90000   168.225 
   90050   167.305 
   90100   170.092 
   90150   169.051 
   90200   168.782 
   90250   168.091 
   90300   168.066 
   90350   167.288 
   90400   166.468 
   90450   170.620 
   90500   169.552 
   90550   169.981 
   90600   166.352 
   90650   167.346 
   90700   166.349 
   90750   167.303 
   90800   168.376 
   90850   166.690 
   90900   167.132 
   90950   167.389 
   91000   166.122 
   91050   169.567 
   91100   166.915 
   91150   170.828 
   91200   168.588 
   91250   166.620 
   91300   165.982 
   91350   171.437 
   91400   170.117 
   91450   165.204 
   91500   167.949 
   91550   167.764 
   91600   168.386 
   91650   170.456 
   91700   167.756 
   91750   166.586 
   91800   165.189 
   91850   171.239 
   91900   171.684 
   91950   165.177 
   92000   167.425 
   92050   167.716 
   92100   168.249 
   92150   167.944 
   92200   166.055 
   92250   172.251 
   92300   168.613 
   92350   168.163 
   92400   165.013 
   92450   168.178 
   92500   168.489 
   92550   169.615 
   92600   168.318 
   92650   168.399 
   92700   172.447 
   92750   166.968 
   92800   166.358 
   92850   169.192 
   92900   170.481 
   92950   168.882 
   93000   168.493 
   93050   170.280 
   93100   170.232 
   93150   171.063 
   93200   170.755 
   93250   169.440 
   93300   163.369 
   93350   165.645 
   93400   171.314 
   93450   174.203 
   93500   168.424 
   93550   168.349 
   93600   168.906 
   93650   168.627 
   93700   168.359 
   93750   165.978 
   93800   166.060 
   93850   168.978 
   93900   173.063 
   93950   169.771 
   94000   167.052 
   94050   168.564 
   94100   169.663 
   94150   170.472 
   94200   166.766 
   94250   168.983 
   94300   168.809 
   94350   171.120 
   94400   164.804 
   94450   164.384 
   94500   171.808 
   94550   166.951 
   94600   166.498 
   94650   166.344 
   94700   167.777 
   94750   168.506 
   94800   166.593 
   94850   173.461 
   94900   167.056 
   94950   163.168 
   95000   168.503 
   95050   169.228 
   95100   171.546 
   95150   165.567 
   95200   168.132 
   95250   172.439 
   95300   165.111 
   95350   169.985 
   95400   168.594 
   95450   162.915 
   95500   168.757 
   95550   171.580 
   95600   171.773 
   95650   166.133 
   95700   166.864 
   95750   172.137 
   95800   167.470 
   95850   167.453 
   95900   166.593 
   95950   168.596 
   96000   169.916 
   96050   169.059 
   96100   167.552 
   96150   170.803 
   96200   172.142 
   96250   164.512 
   96300   167.629 
   96350   169.439 
   96400   172.779 
   96450   166.674 
   96500   167.710 
   96550   169.089 
   96600   167.130 
   96650   168.148 
   96700   168.544 
   96750   169.734 
   96800   167.788 
   96850   168.552 
   96900   168.980 
   96950   170.623 
   97000   169.182 
   97050   165.447 
   97100   166.819 
   97150   170.253 
   97200   169.854 
   97250   167.769 
   97300   169.365 
   97350   167.173 
   97400   166.524 
   97450   170.259 
   97500   168.667 
   97550   170.296 
   97600   168.163 
   97650   166.966 
   97700   169.866 
   97750   168.676 
   97800   165.687 
   97850   167.071 
   97900   165.958 
   97950   169.432 
   98000   169.612 
   98050   165.780 
   98100   165.346 
   98150   168.933 
   98200   168.654 
   98250   170.775 
   98300   166.912 
   98350   164.533 
   98400   166.073 
   98450   170.685 
   98500   171.004 
   98550   165.055 
   98600   166.688 
   98650   169.682 
   98700   168.149 
   98750   171.615 
   98800   167.479 
   98850   168.790 
   98900   168.493 
   98950   168.137 
   99000   168.347 
   99050   166.504 
   99100   170.692 
   99150   168.345 
   99200   168.046 
   99250   168.555 
   99300   169.253 
   99350   170.168 
   99400   165.610 
   99450   169.340 
   99500   167.659 
   99550   166.952 
   99600   167.284 
   99650   169.890 
   99700   171.058 
   99750   165.263 
   99800   165.463 
   99850   169.113 
   99900   167.999 
   99950   168.746 
