       0    53.892 
      50    48.993 
     100    52.150 
     150    53.861 
     200    50.665 
     250    51.193 
     300    51.610 
     350    52.563 
     400    51.812 
     450    51.450 
     500    53.095 
     550    50.315 
     600    50.974 
     650    53.644 
     700    51.247 
     750    50.754 
     800    54.172 
     850    53.059 
     900    56.464 
     950    51.602 
    1000    52.771 
    1050    56.946 
    1100    52.814 
    1150    51.710 
    1200    54.392 
    1250    53.126 
    1300    48.229 
    1350    52.719 
    1400    51.079 
    1450    52.820 
    1500    51.620 
    1550    48.995 
    1600    52.097 
    1650    56.444 
    1700    50.279 
    1750    49.068 
    1800    50.678 
    1850    56.263 
    1900    53.081 
    1950    50.649 
    2000    53.776 
    2050    50.736 
    2100    52.955 
    2150    53.425 
    2200    50.425 
    2250    52.924 
    2300    56.716 
    2350    54.005 
    2400    51.718 
    2450    53.612 
    2500    55.364 
    2550    52.930 
    2600    52.612 
    2650    54.284 
    2700    49.457 
    2750    51.405 
    2800    52.091 
    2850    50.536 
    2900    52.585 
    2950    54.991 
    3000    49.792 
    3050    53.072 
    3100    52.834 
    3150    51.037 
    3200    50.686 
    3250    56.319 
    3300    53.558 
    3350    53.417 
    3400    51.451 
    3450    53.757 
    3500    53.735 
    3550    52.277 
    3600    52.872 
    3650    55.710 
    3700    52.976 
    3750    52.834 
    3800    52.770 
    3850    50.801 
    3900    54.296 
    3950    50.117 
    4000    49.427 
    4050    54.113 
    4100    55.675 
    4150    49.619 
    4200    49.907 
    4250    52.919 
    4300    54.339 
    4350    52.971 
    4400    53.123 
    4450    52.804 
    4500    49.842 
    4550    49.426 
    4600    50.989 
    4650    52.544 
    4700    51.043 
    4750    51.919 
    4800    54.796 
    4850    52.569 
    4900    52.559 
    4950    55.004 
    5000    54.065 
    5050    51.194 
    5100    55.564 
    5150    52.496 
    5200    53.655 
    5250    52.875 
    5300    50.865 
    5350    53.536 
    5400    52.319 
    5450    50.609 
    5500    51.362 
    5550    55.555 
    5600    55.243 
    5650    51.045 
    5700    51.401 
    5750    54.341 
    5800    55.480 
    5850    48.615 
    5900    50.193 
    5950    58.709 
    6000    52.447 
    6050    47.507 
    6100    53.615 
    6150    55.443 
    6200    50.188 
    6250    51.635 
    6300    51.679 
    6350    51.377 
    6400    53.104 
    6450    53.129 
    6500    49.353 
    6550    48.687 
    6600    53.022 
    6650    51.924 
    6700    53.042 
    6750    52.118 
    6800    48.079 
    6850    52.515 
    6900    53.739 
    6950    49.904 
    7000    52.356 
    7050    51.543 
    7100    51.340 
    7150    50.924 
    7200    47.535 
    7250    55.895 
    7300    52.882 
    7350    48.878 
    7400    50.065 
    7450    53.547 
    7500    52.658 
    7550    53.898 
    7600    51.602 
    7650    52.029 
    7700    53.261 
    7750    52.205 
    7800    51.867 
    7850    53.946 
    7900    52.419 
    7950    50.861 
    8000    53.723 
    8050    54.449 
    8100    51.638 
    8150    51.113 
    8200    55.430 
    8250    52.254 
    8300    54.174 
    8350    50.509 
    8400    50.907 
    8450    51.719 
    8500    54.500 
    8550    51.227 
    8600    53.344 
    8650    51.288 
    8700    53.555 
    8750    48.337 
    8800    51.921 
    8850    53.020 
    8900    54.295 
    8950    52.781 
    9000    48.762 
    9050    52.996 
    9100    56.800 
    9150    50.077 
    9200    47.043 
    9250    54.051 
    9300    56.610 
    9350    55.131 
    9400    51.594 
    9450    51.092 
    9500    54.913 
    9550    53.471 
    9600    51.907 
    9650    53.292 
    9700    50.287 
    9750    53.171 
    9800    53.580 
    9850    51.283 
    9900    55.066 
    9950    53.374 
   10000    49.237 
   10050    53.724 
   10100    53.681 
   10150    51.269 
   10200    53.683 
   10250    57.299 
   10300    47.103 
   10350    52.598 
   10400    58.245 
   10450    54.101 
   10500    56.050 
   10550    53.977 
   10600    52.862 
   10650    54.987 
   10700    50.626 
   10750    52.364 
   10800    53.921 
   10850    50.148 
   10900    49.743 
   10950    57.301 
   11000    52.518 
   11050    51.491 
   11100    56.912 
   11150    51.162 
   11200    48.652 
   11250    51.813 
   11300    56.169 
   11350    51.618 
   11400    53.931 
   11450    48.605 
   11500    54.617 
   11550    54.348 
   11600    53.910 
   11650    49.553 
   11700    55.485 
   11750    51.054 
   11800    52.335 
   11850    52.127 
   11900    54.401 
   11950    53.184 
   12000    55.490 
   12050    53.552 
   12100    51.261 
   12150    51.577 
   12200    52.432 
   12250    46.250 
   12300    55.561 
   12350    53.126 
   12400    53.958 
   12450    50.904 
   12500    54.167 
   12550    53.142 
   12600    52.928 
   12650    48.985 
   12700    54.120 
   12750    55.762 
   12800    49.121 
   12850    52.518 
   12900    53.060 
   12950    54.908 
   13000    50.682 
   13050    52.251 
   13100    53.629 
   13150    54.347 
   13200    52.256 
   13250    48.718 
   13300    54.388 
   13350    52.659 
   13400    52.461 
   13450    52.717 
   13500    54.664 
   13550    53.281 
   13600    53.033 
   13650    56.135 
   13700    54.927 
   13750    53.382 
   13800    50.560 
   13850    52.157 
   13900    51.183 
   13950    55.182 
   14000    52.287 
   14050    50.041 
   14100    51.627 
   14150    53.501 
   14200    50.829 
   14250    50.428 
   14300    55.207 
   14350    52.605 
   14400    49.916 
   14450    53.858 
   14500    53.145 
   14550    51.851 
   14600    53.442 
   14650    52.421 
   14700    53.983 
   14750    52.976 
   14800    53.454 
   14850    52.043 
   14900    49.941 
   14950    52.295 
   15000    55.530 
   15050    54.035 
   15100    51.868 
   15150    51.386 
   15200    52.413 
   15250    54.416 
   15300    52.241 
   15350    51.388 
   15400    50.474 
   15450    56.073 
   15500    54.202 
   15550    49.684 
   15600    53.178 
   15650    53.915 
   15700    52.854 
   15750    51.803 
   15800    52.666 
   15850    51.215 
   15900    49.880 
   15950    53.448 
   16000    55.773 
   16050    53.183 
   16100    51.031 
   16150    49.231 
   16200    53.237 
   16250    56.989 
   16300    50.802 
   16350    49.410 
   16400    54.956 
   16450    53.570 
   16500    54.703 
   16550    52.340 
   16600    54.268 
   16650    52.538 
   16700    48.328 
   16750    52.530 
   16800    53.474 
   16850    51.340 
   16900    48.347 
   16950    51.878 
   17000    55.377 
   17050    53.854 
   17100    50.305 
   17150    51.074 
   17200    51.647 
   17250    51.922 
   17300    50.577 
   17350    51.315 
   17400    54.012 
   17450    55.275 
   17500    50.397 
   17550    49.132 
   17600    55.747 
   17650    57.781 
   17700    51.821 
   17750    47.756 
   17800    51.360 
   17850    53.178 
   17900    52.089 
   17950    53.062 
   18000    51.925 
   18050    52.851 
   18100    52.188 
   18150    51.428 
   18200    53.345 
   18250    54.013 
   18300    51.843 
   18350    53.363 
   18400    53.054 
   18450    53.514 
   18500    53.449 
   18550    51.833 
   18600    51.436 
   18650    52.523 
   18700    53.909 
   18750    52.273 
   18800    52.899 
   18850    54.767 
   18900    49.538 
   18950    51.555 
   19000    53.934 
   19050    53.329 
   19100    48.440 
   19150    51.323 
   19200    54.009 
   19250    50.326 
   19300    52.524 
   19350    54.784 
   19400    53.599 
   19450    51.715 
   19500    53.202 
   19550    51.578 
   19600    53.824 
   19650    52.405 
   19700    52.488 
   19750    52.296 
   19800    50.570 
   19850    51.484 
   19900    54.513 
   19950    50.540 
   20000    53.235 
   20050    54.282 
   20100    54.730 
   20150    52.573 
   20200    50.821 
   20250    48.860 
   20300    53.517 
   20350    51.505 
   20400    48.825 
   20450    54.882 
   20500    52.161 
   20550    51.175 
   20600    52.919 
   20650    52.546 
   20700    51.573 
   20750    54.359 
   20800    50.351 
   20850    54.394 
   20900    53.679 
   20950    54.736 
   21000    52.964 
   21050    51.422 
   21100    55.545 
   21150    53.837 
   21200    51.468 
   21250    48.465 
   21300    51.556 
   21350    52.209 
   21400    53.900 
   21450    51.432 
   21500    52.468 
   21550    53.172 
   21600    52.463 
   21650    52.915 
   21700    52.601 
   21750    50.954 
   21800    51.213 
   21850    52.826 
   21900    53.700 
   21950    51.283 
   22000    49.707 
   22050    52.448 
   22100    48.221 
   22150    50.385 
   22200    52.614 
   22250    54.648 
   22300    51.434 
   22350    52.128 
   22400    51.443 
   22450    52.555 
   22500    50.389 
   22550    49.299 
   22600    51.611 
   22650    52.117 
   22700    52.494 
   22750    53.026 
   22800    48.709 
   22850    51.456 
   22900    52.258 
   22950    51.858 
   23000    48.502 
   23050    51.449 
   23100    49.578 
   23150    54.240 
   23200    48.844 
   23250    52.700 
   23300    55.546 
   23350    54.213 
   23400    49.729 
   23450    49.755 
   23500    54.053 
   23550    52.148 
   23600    53.652 
   23650    48.850 
   23700    48.790 
   23750    55.205 
   23800    55.068 
   23850    53.944 
   23900    51.714 
   23950    51.651 
   24000    51.728 
   24050    52.669 
   24100    56.756 
   24150    50.047 
   24200    51.167 
   24250    53.026 
   24300    56.562 
   24350    54.958 
   24400    52.207 
   24450    49.685 
   24500    53.317 
   24550    53.500 
   24600    50.380 
   24650    52.617 
   24700    53.018 
   24750    55.213 
   24800    48.897 
   24850    53.437 
   24900    55.899 
   24950    52.784 
   25000    49.841 
   25050    52.445 
   25100    53.084 
   25150    54.720 
   25200    52.945 
   25250    53.184 
   25300    55.102 
   25350    50.811 
   25400    50.950 
   25450    51.759 
   25500    50.590 
   25550    53.744 
   25600    53.964 
   25650    55.136 
   25700    55.413 
   25750    53.198 
   25800    50.031 
   25850    52.008 
   25900    52.253 
   25950    53.738 
   26000    49.922 
   26050    50.384 
   26100    53.769 
   26150    54.786 
   26200    51.889 
   26250    52.433 
   26300    53.270 
   26350    54.925 
   26400    51.878 
   26450    54.020 
   26500    53.696 
   26550    51.128 
   26600    53.833 
   26650    52.416 
   26700    51.993 
   26750    51.502 
   26800    54.611 
   26850    52.845 
   26900    50.529 
   26950    52.759 
   27000    54.028 
   27050    52.396 
   27100    50.831 
   27150    54.830 
   27200    54.694 
   27250    48.359 
   27300    50.388 
   27350    55.749 
   27400    55.085 
   27450    53.701 
   27500    54.720 
   27550    51.233 
   27600    53.854 
   27650    53.846 
   27700    52.683 
   27750    53.894 
   27800    53.577 
   27850    51.402 
   27900    51.001 
   27950    53.118 
   28000    55.330 
   28050    52.678 
   28100    50.159 
   28150    52.935 
   28200    55.168 
   28250    55.277 
   28300    51.360 
   28350    50.001 
   28400    54.475 
   28450    56.367 
   28500    53.835 
   28550    49.155 
   28600    50.970 
   28650    55.773 
   28700    56.095 
   28750    49.894 
   28800    50.181 
   28850    52.353 
   28900    53.566 
   28950    50.976 
   29000    51.015 
   29050    49.702 
   29100    52.086 
   29150    55.081 
   29200    52.362 
   29250    48.984 
   29300    50.623 
   29350    52.562 
   29400    56.194 
   29450    52.812 
   29500    51.488 
   29550    50.961 
   29600    54.426 
   29650    55.381 
   29700    50.501 
   29750    53.070 
   29800    53.559 
   29850    51.873 
   29900    52.662 
   29950    56.411 
   30000    53.543 
   30050    52.494 
   30100    50.907 
   30150    54.852 
   30200    54.396 
   30250    49.437 
   30300    50.588 
   30350    51.735 
   30400    50.917 
   30450    51.907 
   30500    48.092 
   30550    50.870 
   30600    52.548 
   30650    49.183 
   30700    51.735 
   30750    55.573 
   30800    51.267 
   30850    48.545 
   30900    51.541 
   30950    53.918 
   31000    55.507 
   31050    52.645 
   31100    50.915 
   31150    51.370 
   31200    52.052 
   31250    50.520 
   31300    52.292 
   31350    51.462 
   31400    52.413 
   31450    54.837 
   31500    50.078 
   31550    52.939 
   31600    52.692 
   31650    55.205 
   31700    54.835 
   31750    52.609 
   31800    51.290 
   31850    53.302 
   31900    51.867 
   31950    53.097 
   32000    54.232 
   32050    51.794 
   32100    52.193 
   32150    56.026 
   32200    54.460 
   32250    51.552 
   32300    55.393 
   32350    56.889 
   32400    48.343 
   32450    49.930 
   32500    54.194 
   32550    55.373 
   32600    51.861 
   32650    51.951 
   32700    55.347 
   32750    52.904 
   32800    47.637 
   32850    52.638 
   32900    51.281 
   32950    51.385 
   33000    51.014 
   33050    51.978 
   33100    50.886 
   33150    52.068 
   33200    53.329 
   33250    52.220 
   33300    54.711 
   33350    54.673 
   33400    49.562 
   33450    52.928 
   33500    56.912 
   33550    57.735 
   33600    54.136 
   33650    50.258 
   33700    55.456 
   33750    57.132 
   33800    50.836 
   33850    52.037 
   33900    55.627 
   33950    53.184 
   34000    51.956 
   34050    49.686 
   34100    52.345 
   34150    52.928 
   34200    54.707 
   34250    50.476 
   34300    51.675 
   34350    52.371 
   34400    56.684 
   34450    51.440 
   34500    52.923 
   34550    53.292 
   34600    50.801 
   34650    51.247 
   34700    58.469 
   34750    53.935 
   34800    52.022 
   34850    55.304 
   34900    54.173 
   34950    50.130 
   35000    54.087 
   35050    56.361 
   35100    55.423 
   35150    53.319 
   35200    49.700 
   35250    51.081 
   35300    53.172 
   35350    55.760 
   35400    51.847 
   35450    53.007 
   35500    54.752 
   35550    52.209 
   35600    51.477 
   35650    51.976 
   35700    54.462 
   35750    51.668 
   35800    51.338 
   35850    54.614 
   35900    51.286 
   35950    48.923 
   36000    56.002 
   36050    54.560 
   36100    48.672 
   36150    55.074 
   36200    56.301 
   36250    53.304 
   36300    49.834 
   36350    54.337 
   36400    51.481 
   36450    53.894 
   36500    53.712 
   36550    53.684 
   36600    51.644 
   36650    51.364 
   36700    54.880 
   36750    53.712 
   36800    51.839 
   36850    54.193 
   36900    55.176 
   36950    53.584 
   37000    51.742 
   37050    49.113 
   37100    53.526 
   37150    55.577 
   37200    56.868 
   37250    47.248 
   37300    50.153 
   37350    54.808 
   37400    52.013 
   37450    53.183 
   37500    49.883 
   37550    53.710 
   37600    54.735 
   37650    52.863 
   37700    47.263 
   37750    53.161 
   37800    50.624 
   37850    55.389 
   37900    50.530 
   37950    50.129 
   38000    50.310 
   38050    49.204 
   38100    50.848 
   38150    52.327 
   38200    49.681 
   38250    49.540 
   38300    51.681 
   38350    50.881 
   38400    55.418 
   38450    52.750 
   38500    52.420 
   38550    50.377 
   38600    53.599 
   38650    57.765 
   38700    52.565 
   38750    49.401 
   38800    53.275 
   38850    53.598 
   38900    55.337 
   38950    47.918 
   39000    52.450 
   39050    54.355 
   39100    49.870 
   39150    54.225 
   39200    54.304 
   39250    51.998 
   39300    49.640 
   39350    56.305 
   39400    54.220 
   39450    50.796 
   39500    53.816 
   39550    52.495 
   39600    48.255 
   39650    56.262 
   39700    51.752 
   39750    51.796 
   39800    52.794 
   39850    52.085 
   39900    54.617 
   39950    54.933 
   40000    53.293 
   40050    53.648 
   40100    48.882 
   40150    54.466 
   40200    56.671 
   40250    48.209 
   40300    51.652 
   40350    59.222 
   40400    51.154 
   40450    46.671 
   40500    50.726 
   40550    54.620 
   40600    49.586 
   40650    49.554 
   40700    50.621 
   40750    53.051 
   40800    52.343 
   40850    51.242 
   40900    52.217 
   40950    53.421 
   41000    53.439 
   41050    52.327 
   41100    50.455 
   41150    52.508 
   41200    54.728 
   41250    50.706 
   41300    53.186 
   41350    57.776 
   41400    52.120 
   41450    49.786 
   41500    54.649 
   41550    52.493 
   41600    47.975 
   41650    49.968 
   41700    54.406 
   41750    55.549 
   41800    58.083 
   41850    50.264 
   41900    55.027 
   41950    58.466 
   42000    54.600 
   42050    52.355 
   42100    53.040 
   42150    50.191 
   42200    56.513 
   42250    51.598 
   42300    48.100 
   42350    54.764 
   42400    58.458 
   42450    50.477 
   42500    49.282 
   42550    53.029 
   42600    55.564 
   42650    53.889 
   42700    47.686 
   42750    52.289 
   42800    56.737 
   42850    57.859 
   42900    51.640 
   42950    48.309 
   43000    49.850 
   43050    52.947 
   43100    52.118 
   43150    50.105 
   43200    51.360 
   43250    52.758 
   43300    52.801 
   43350    51.098 
   43400    49.583 
   43450    50.842 
   43500    53.492 
   43550    48.668 
   43600    51.851 
   43650    53.025 
   43700    55.212 
   43750    53.233 
   43800    49.604 
   43850    52.215 
   43900    56.975 
   43950    54.372 
   44000    47.358 
   44050    48.856 
   44100    51.923 
   44150    53.033 
   44200    56.821 
   44250    49.654 
   44300    49.055 
   44350    53.822 
   44400    58.637 
   44450    52.084 
   44500    50.030 
   44550    49.539 
   44600    56.386 
   44650    51.990 
   44700    50.558 
   44750    52.846 
   44800    55.393 
   44850    51.875 
   44900    50.228 
   44950    52.825 
   45000    53.653 
   45050    52.678 
   45100    50.165 
   45150    53.471 
   45200    51.707 
   45250    54.222 
   45300    51.231 
   45350    53.920 
   45400    53.478 
   45450    56.037 
   45500    47.881 
   45550    48.602 
   45600    53.489 
   45650    53.727 
   45700    52.748 
   45750    51.843 
   45800    52.429 
   45850    53.645 
   45900    55.924 
   45950    49.229 
   46000    53.514 
   46050    52.629 
   46100    54.677 
   46150    52.933 
   46200    49.632 
   46250    52.822 
   46300    54.269 
   46350    53.732 
   46400    54.918 
   46450    49.858 
   46500    49.938 
   46550    55.856 
   46600    51.153 
   46650    47.393 
   46700    54.328 
   46750    56.092 
   46800    52.591 
   46850    50.908 
   46900    55.294 
   46950    53.212 
   47000    49.352 
   47050    51.264 
   47100    52.977 
   47150    55.584 
   47200    53.610 
   47250    53.687 
   47300    51.548 
   47350    53.851 
   47400    54.776 
   47450    54.421 
   47500    52.313 
   47550    55.555 
   47600    52.775 
   47650    48.943 
   47700    52.405 
   47750    53.409 
   47800    51.004 
   47850    49.280 
   47900    46.731 
   47950    53.299 
   48000    54.593 
   48050    50.520 
   48100    52.770 
   48150    54.361 
   48200    56.851 
   48250    51.299 
   48300    52.639 
   48350    56.494 
   48400    52.470 
   48450    49.582 
   48500    52.299 
   48550    54.895 
   48600    53.287 
   48650    50.455 
   48700    50.398 
   48750    53.817 
   48800    51.306 
   48850    56.452 
   48900    52.924 
   48950    48.993 
   49000    51.032 
   49050    54.760 
   49100    55.638 
   49150    51.883 
   49200    50.735 
   49250    52.932 
   49300    52.829 
   49350    47.989 
   49400    52.362 
   49450    54.967 
   49500    52.499 
   49550    51.538 
   49600    52.303 
   49650    51.217 
   49700    49.136 
   49750    54.013 
   49800    51.752 
   49850    51.652 
   49900    54.227 
   49950    54.215 
   50000    52.876 
   50050    52.185 
   50100    55.414 
   50150    54.065 
   50200    50.018 
   50250    53.651 
   50300    53.350 
   50350    48.858 
   50400    53.176 
   50450    53.633 
   50500    51.315 
   50550    57.179 
   50600    52.823 
   50650    48.595 
   50700    52.591 
   50750    53.760 
   50800    50.440 
   50850    53.874 
   50900    52.743 
   50950    52.419 
   51000    51.599 
   51050    55.530 
   51100    54.210 
   51150    53.378 
   51200    51.415 
   51250    49.526 
   51300    53.886 
   51350    51.709 
   51400    51.285 
   51450    51.468 
   51500    54.908 
   51550    53.919 
   51600    50.750 
   51650    51.987 
   51700    52.498 
   51750    52.359 
   51800    54.215 
   51850    53.086 
   51900    50.466 
   51950    53.576 
   52000    57.357 
   52050    54.362 
   52100    51.856 
   52150    53.678 
   52200    54.605 
   52250    52.553 
   52300    53.723 
   52350    49.864 
   52400    52.170 
   52450    52.929 
   52500    50.455 
   52550    50.799 
   52600    53.342 
   52650    53.766 
   52700    48.887 
   52750    54.766 
   52800    52.930 
   52850    54.124 
   52900    51.801 
   52950    51.802 
   53000    55.172 
   53050    56.606 
   53100    51.742 
   53150    51.938 
   53200    54.257 
   53250    56.755 
   53300    51.103 
   53350    52.609 
   53400    56.210 
   53450    53.014 
   53500    48.980 
   53550    52.328 
   53600    53.094 
   53650    51.312 
   53700    47.890 
   53750    54.289 
   53800    52.946 
   53850    51.071 
   53900    53.158 
   53950    53.479 
   54000    54.444 
   54050    54.716 
   54100    46.666 
   54150    53.212 
   54200    56.979 
   54250    48.759 
   54300    49.326 
   54350    51.906 
   54400    53.970 
   54450    52.272 
   54500    53.375 
   54550    51.847 
   54600    52.611 
   54650    50.083 
   54700    53.452 
   54750    50.527 
   54800    51.280 
   54850    52.204 
   54900    53.662 
   54950    56.261 
   55000    53.166 
   55050    49.857 
   55100    52.277 
   55150    56.963 
   55200    54.863 
   55250    51.750 
   55300    51.704 
   55350    53.179 
   55400    53.244 
   55450    50.620 
   55500    53.669 
   55550    55.282 
   55600    49.754 
   55650    51.335 
   55700    51.270 
   55750    51.804 
   55800    53.862 
   55850    52.796 
   55900    49.645 
   55950    52.911 
   56000    54.849 
   56050    53.420 
   56100    49.835 
   56150    54.719 
   56200    50.883 
   56250    53.378 
   56300    51.564 
   56350    52.404 
   56400    50.398 
   56450    52.398 
   56500    55.090 
   56550    50.630 
   56600    49.957 
   56650    51.093 
   56700    51.957 
   56750    50.867 
   56800    51.635 
   56850    55.700 
   56900    52.824 
   56950    49.336 
   57000    51.380 
   57050    53.530 
   57100    55.809 
   57150    55.084 
   57200    47.584 
   57250    48.218 
   57300    55.066 
   57350    57.796 
   57400    54.995 
   57450    53.337 
   57500    53.419 
   57550    51.674 
   57600    53.258 
   57650    49.190 
   57700    51.519 
   57750    56.055 
   57800    57.682 
   57850    51.216 
   57900    50.675 
   57950    50.511 
   58000    51.477 
   58050    55.322 
   58100    54.252 
   58150    50.589 
   58200    49.569 
   58250    54.096 
   58300    56.830 
   58350    55.548 
   58400    50.727 
   58450    52.993 
   58500    53.318 
   58550    55.095 
   58600    50.152 
   58650    51.311 
   58700    52.439 
   58750    53.931 
   58800    52.653 
   58850    54.879 
   58900    52.569 
   58950    49.878 
   59000    55.316 
   59050    53.945 
   59100    51.602 
   59150    51.465 
   59200    50.693 
   59250    55.964 
   59300    54.481 
   59350    50.974 
   59400    50.458 
   59450    53.847 
   59500    52.331 
   59550    53.838 
   59600    50.058 
   59650    53.845 
   59700    52.425 
   59750    54.240 
   59800    52.470 
   59850    54.369 
   59900    54.676 
   59950    53.078 
   60000    52.762 
   60050    54.634 
   60100    49.339 
   60150    52.429 
   60200    55.630 
   60250    54.052 
   60300    52.633 
   60350    50.058 
   60400    52.671 
   60450    53.461 
   60500    54.958 
   60550    51.778 
   60600    55.530 
   60650    54.891 
   60700    51.204 
   60750    52.682 
   60800    55.378 
   60850    54.442 
   60900    54.487 
   60950    49.889 
   61000    53.832 
   61050    55.220 
   61100    55.573 
   61150    47.128 
   61200    50.921 
   61250    56.176 
   61300    55.767 
   61350    52.855 
   61400    55.006 
   61450    50.875 
   61500    48.502 
   61550    56.497 
   61600    54.622 
   61650    54.743 
   61700    50.154 
   61750    52.973 
   61800    53.865 
   61850    49.318 
   61900    51.496 
   61950    54.431 
   62000    52.113 
   62050    52.678 
   62100    53.297 
   62150    54.191 
   62200    54.188 
   62250    51.632 
   62300    54.882 
   62350    54.668 
   62400    51.337 
   62450    55.334 
   62500    53.361 
   62550    52.566 
   62600    52.539 
   62650    51.632 
   62700    53.108 
   62750    52.742 
   62800    53.946 
   62850    53.810 
   62900    53.428 
   62950    52.634 
   63000    52.565 
   63050    52.662 
   63100    52.698 
   63150    53.420 
   63200    50.619 
   63250    49.942 
   63300    53.790 
   63350    55.508 
   63400    50.134 
   63450    53.232 
   63500    52.423 
   63550    53.534 
   63600    51.964 
   63650    53.306 
   63700    52.142 
   63750    51.272 
   63800    52.203 
   63850    50.344 
   63900    47.299 
   63950    57.220 
   64000    54.288 
   64050    50.049 
   64100    55.845 
   64150    53.242 
   64200    50.429 
   64250    50.917 
   64300    50.857 
   64350    52.888 
   64400    54.315 
   64450    48.024 
   64500    56.281 
   64550    54.843 
   64600    49.390 
   64650    53.272 
   64700    54.095 
   64750    49.907 
   64800    53.539 
   64850    54.926 
   64900    50.389 
   64950    50.898 
   65000    53.510 
   65050    56.207 
   65100    51.290 
   65150    49.086 
   65200    52.919 
   65250    54.988 
   65300    52.465 
   65350    52.124 
   65400    47.999 
   65450    52.557 
   65500    49.970 
   65550    52.219 
   65600    52.741 
   65650    49.707 
   65700    50.591 
   65750    51.785 
   65800    51.495 
   65850    51.383 
   65900    50.307 
   65950    49.028 
   66000    53.219 
   66050    55.154 
   66100    50.991 
   66150    49.261 
   66200    53.798 
   66250    56.437 
   66300    54.408 
   66350    50.045 
   66400    51.614 
   66450    53.803 
   66500    53.733 
   66550    53.861 
   66600    47.710 
   66650    50.515 
   66700    56.138 
   66750    52.097 
   66800    50.569 
   66850    50.578 
   66900    57.062 
   66950    52.827 
   67000    47.886 
   67050    49.750 
   67100    56.351 
   67150    50.579 
   67200    50.090 
   67250    53.432 
   67300    54.175 
   67350    50.963 
   67400    49.473 
   67450    51.189 
   67500    52.614 
   67550    48.315 
   67600    53.023 
   67650    52.171 
   67700    52.580 
   67750    55.039 
   67800    52.211 
   67850    52.516 
   67900    54.236 
   67950    53.627 
   68000    51.009 
   68050    55.323 
   68100    55.035 
   68150    51.995 
   68200    52.347 
   68250    54.633 
   68300    51.662 
   68350    51.110 
   68400    50.989 
   68450    53.644 
   68500    55.028 
   68550    53.052 
   68600    51.827 
   68650    51.103 
   68700    48.443 
   68750    53.543 
   68800    50.126 
   68850    51.269 
   68900    51.812 
   68950    52.619 
   69000    50.776 
   69050    52.441 
   69100    53.455 
   69150    51.330 
   69200    51.946 
   69250    53.050 
   69300    51.321 
   69350    49.726 
   69400    52.641 
   69450    52.678 
   69500    50.876 
   69550    52.942 
   69600    52.081 
   69650    52.299 
   69700    54.030 
   69750    53.446 
   69800    52.189 
   69850    50.680 
   69900    51.848 
   69950    54.962 
   70000    53.995 
   70050    50.984 
   70100    53.107 
   70150    55.198 
   70200    53.342 
   70250    49.403 
   70300    54.217 
   70350    51.489 
   70400    52.884 
   70450    51.071 
   70500    52.150 
   70550    48.021 
   70600    54.220 
   70650    51.339 
   70700    51.353 
   70750    49.092 
   70800    53.625 
   70850    53.846 
   70900    49.404 
   70950    47.164 
   71000    53.771 
   71050    54.035 
   71100    53.381 
   71150    48.224 
   71200    49.962 
   71250    56.634 
   71300    54.543 
   71350    47.011 
   71400    47.374 
   71450    57.005 
   71500    57.265 
   71550    52.928 
   71600    48.332 
   71650    50.858 
   71700    55.901 
   71750    49.690 
   71800    51.940 
   71850    53.012 
   71900    52.479 
   71950    50.753 
   72000    52.252 
   72050    55.169 
   72100    53.357 
   72150    49.861 
   72200    51.718 
   72250    53.616 
   72300    52.977 
   72350    46.877 
   72400    49.714 
   72450    56.669 
   72500    55.270 
   72550    52.907 
   72600    51.733 
   72650    54.056 
   72700    51.443 
   72750    55.100 
   72800    51.800 
   72850    50.053 
   72900    53.030 
   72950    54.826 
   73000    53.803 
   73050    52.931 
   73100    55.111 
   73150    53.330 
   73200    54.932 
   73250    51.521 
   73300    51.981 
   73350    50.338 
   73400    54.488 
   73450    56.199 
   73500    50.779 
   73550    46.054 
   73600    56.812 
   73650    56.241 
   73700    46.583 
   73750    51.352 
   73800    52.947 
   73850    47.822 
   73900    52.183 
   73950    54.117 
   74000    50.873 
   74050    48.034 
   74100    51.084 
   74150    53.465 
   74200    54.245 
   74250    49.368 
   74300    51.999 
   74350    53.640 
   74400    51.290 
   74450    52.781 
   74500    52.004 
   74550    50.956 
   74600    54.509 
   74650    53.358 
   74700    50.911 
   74750    50.389 
   74800    53.561 
   74850    52.255 
   74900    52.225 
   74950    53.771 
   75000    53.034 
   75050    52.168 
   75100    55.946 
   75150    52.678 
   75200    53.838 
   75250    51.996 
   75300    49.084 
   75350    50.422 
   75400    53.322 
   75450    51.619 
   75500    53.187 
   75550    49.926 
   75600    50.083 
   75650    55.816 
   75700    54.673 
   75750    49.013 
   75800    51.028 
   75850    53.992 
   75900    52.909 
   75950    52.751 
   76000    52.901 
   76050    52.448 
   76100    53.440 
   76150    51.260 
   76200    49.950 
   76250    52.708 
   76300    53.179 
   76350    53.736 
   76400    53.995 
   76450    49.292 
   76500    56.106 
   76550    53.846 
   76600    46.466 
   76650    52.600 
   76700    57.726 
   76750    52.593 
   76800    54.157 
   76850    50.090 
   76900    50.843 
   76950    54.694 
   77000    48.366 
   77050    53.012 
   77100    55.004 
   77150    47.650 
   77200    51.318 
   77250    54.322 
   77300    51.338 
   77350    55.417 
   77400    50.420 
   77450    51.235 
   77500    53.661 
   77550    50.601 
   77600    47.993 
   77650    53.790 
   77700    53.232 
   77750    54.578 
   77800    54.693 
   77850    51.472 
   77900    54.889 
   77950    53.960 
   78000    53.835 
   78050    54.430 
   78100    54.617 
   78150    52.509 
   78200    54.142 
   78250    53.003 
   78300    55.546 
   78350    54.771 
   78400    50.805 
   78450    50.507 
   78500    54.623 
   78550    51.767 
   78600    51.867 
   78650    52.193 
   78700    53.762 
   78750    52.309 
   78800    50.787 
   78850    47.740 
   78900    50.800 
   78950    50.363 
   79000    50.661 
   79050    53.008 
   79100    51.689 
   79150    53.779 
   79200    52.403 
   79250    54.976 
   79300    54.226 
   79350    51.527 
   79400    54.031 
   79450    53.636 
   79500    51.950 
   79550    54.863 
   79600    49.627 
   79650    52.539 
   79700    56.410 
   79750    51.461 
   79800    50.628 
   79850    53.774 
   79900    50.092 
   79950    54.480 
   80000    52.112 
   80050    54.550 
   80100    55.824 
   80150    52.094 
   80200    52.275 
   80250    53.221 
   80300    51.178 
   80350    52.229 
   80400    54.277 
   80450    55.410 
   80500    54.327 
   80550    49.442 
   80600    55.206 
   80650    56.059 
   80700    52.862 
   80750    48.289 
   80800    53.141 
   80850    52.807 
   80900    49.472 
   80950    52.670 
   81000    52.125 
   81050    52.634 
   81100    49.816 
   81150    50.511 
   81200    53.757 
   81250    54.666 
   81300    50.881 
   81350    52.750 
   81400    54.078 
   81450    51.212 
   81500    55.241 
   81550    55.971 
   81600    52.660 
   81650    52.803 
   81700    51.428 
   81750    53.166 
   81800    55.267 
   81850    54.555 
   81900    48.094 
   81950    52.654 
   82000    57.026 
   82050    52.316 
   82100    50.433 
   82150    51.044 
   82200    50.730 
   82250    55.123 
   82300    54.423 
   82350    48.784 
   82400    54.223 
   82450    54.022 
   82500    52.672 
   82550    54.507 
   82600    51.458 
   82650    56.170 
   82700    52.159 
   82750    51.839 
   82800    52.983 
   82850    53.623 
   82900    51.805 
   82950    53.815 
   83000    53.639 
   83050    51.811 
   83100    52.427 
   83150    53.674 
   83200    52.076 
   83250    53.511 
   83300    52.920 
   83350    50.532 
   83400    52.598 
   83450    54.728 
   83500    49.921 
   83550    54.534 
   83600    53.506 
   83650    52.669 
   83700    54.284 
   83750    53.451 
   83800    51.230 
   83850    51.904 
   83900    54.862 
   83950    53.089 
   84000    54.295 
   84050    52.098 
   84100    53.337 
   84150    54.134 
   84200    54.152 
   84250    52.442 
   84300    53.555 
   84350    54.455 
   84400    48.302 
   84450    50.571 
   84500    53.860 
   84550    55.315 
   84600    50.989 
   84650    50.200 
   84700    52.504 
   84750    54.921 
   84800    53.298 
   84850    50.484 
   84900    50.754 
   84950    55.152 
   85000    55.707 
   85050    49.435 
   85100    51.903 
   85150    55.725 
   85200    53.273 
   85250    52.529 
   85300    56.876 
   85350    54.496 
   85400    52.413 
   85450    51.501 
   85500    54.165 
   85550    54.034 
   85600    50.641 
   85650    53.122 
   85700    49.848 
   85750    51.084 
   85800    58.718 
   85850    53.504 
   85900    52.337 
   85950    56.451 
   86000    52.151 
   86050    52.183 
   86100    54.557 
   86150    53.804 
   86200    52.042 
   86250    49.714 
   86300    50.696 
   86350    55.042 
   86400    53.220 
   86450    49.845 
   86500    55.354 
   86550    52.775 
   86600    49.531 
   86650    56.736 
   86700    55.682 
   86750    53.153 
   86800    48.481 
   86850    54.144 
   86900    54.093 
   86950    51.238 
   87000    50.701 
   87050    51.897 
   87100    52.081 
   87150    53.433 
   87200    51.078 
   87250    50.549 
   87300    50.301 
   87350    50.491 
   87400    53.289 
   87450    52.882 
   87500    49.036 
   87550    48.653 
   87600    53.947 
   87650    55.027 
   87700    51.961 
   87750    49.909 
   87800    56.630 
   87850    48.692 
   87900    53.469 
   87950    54.718 
   88000    51.815 
   88050    51.418 
   88100    53.982 
   88150    51.460 
   88200    54.168 
   88250    53.342 
   88300    48.045 
   88350    52.276 
   88400    54.825 
   88450    46.901 
   88500    49.766 
   88550    50.990 
   88600    57.109 
   88650    52.040 
   88700    51.347 
   88750    49.558 
   88800    55.613 
   88850    52.857 
   88900    51.495 
   88950    55.853 
   89000    53.857 
   89050    52.328 
   89100    55.014 
   89150    54.106 
   89200    51.118 
   89250    51.880 
   89300    51.766 
   89350    50.629 
   89400    53.931 
   89450    53.303 
   89500    49.954 
   89550    51.876 
   89600    56.499 
   89650    54.073 
   89700    51.697 
   89750    48.503 
   89800    54.347 
   89850    57.268 
   89900    51.289 
   89950    51.984 
   90000    52.155 
   90050    53.563 
   90100    53.833 
   90150    54.516 
   90200    53.605 
   90250    52.495 
   90300    51.770 
   90350    53.102 
   90400    52.559 
   90450    49.388 
   90500    48.959 
   90550    54.062 
   90600    55.868 
   90650    48.440 
   90700    51.273 
   90750    53.800 
   90800    54.279 
   90850    51.018 
   90900    52.917 
   90950    52.971 
   91000    52.198 
   91050    53.660 
   91100    52.467 
   91150    56.541 
   91200    52.495 
   91250    49.975 
   91300    53.916 
   91350    53.981 
   91400    59.164 
   91450    51.218 
   91500    49.152 
   91550    53.931 
   91600    60.070 
   91650    50.428 
   91700    44.841 
   91750    53.617 
   91800    56.744 
   91850    51.893 
   91900    49.572 
   91950    55.380 
   92000    54.001 
   92050    53.267 
   92100    50.279 
   92150    57.758 
   92200    53.047 
   92250    51.175 
   92300    52.935 
   92350    51.439 
   92400    54.951 
   92450    52.779 
   92500    48.316 
   92550    51.297 
   92600    58.390 
   92650    53.838 
   92700    47.943 
   92750    50.549 
   92800    54.243 
   92850    51.832 
   92900    49.806 
   92950    56.100 
   93000    51.383 
   93050    51.000 
   93100    53.452 
   93150    56.478 
   93200    52.999 
   93250    53.476 
   93300    49.385 
   93350    53.904 
   93400    53.872 
   93450    51.711 
   93500    47.191 
   93550    52.982 
   93600    51.701 
   93650    51.671 
   93700    52.729 
   93750    52.187 
   93800    51.856 
   93850    55.365 
   93900    55.506 
   93950    49.968 
   94000    53.102 
   94050    54.577 
   94100    53.390 
   94150    50.449 
   94200    53.423 
   94250    53.801 
   94300    52.835 
   94350    51.587 
   94400    50.741 
   94450    54.536 
   94500    55.364 
   94550    54.667 
   94600    49.678 
   94650    50.678 
   94700    56.850 
   94750    52.201 
   94800    50.000 
   94850    53.912 
   94900    51.016 
   94950    50.829 
   95000    50.482 
   95050    51.686 
   95100    55.176 
   95150    53.540 
   95200    54.028 
   95250    53.556 
   95300    53.426 
   95350    51.680 
   95400    49.965 
   95450    49.747 
   95500    52.993 
   95550    50.688 
   95600    51.873 
   95650    50.766 
   95700    53.536 
   95750    51.734 
   95800    52.206 
   95850    54.414 
   95900    49.804 
   95950    53.901 
   96000    52.970 
   96050    49.743 
   96100    49.813 
   96150    53.866 
   96200    53.971 
   96250    50.873 
   96300    51.457 
   96350    54.481 
   96400    53.862 
   96450    49.908 
   96500    52.667 
   96550    58.474 
   96600    50.733 
   96650    50.014 
   96700    53.700 
   96750    49.373 
   96800    54.676 
   96850    51.816 
   96900    49.617 
   96950    53.550 
   97000    54.990 
   97050    53.358 
   97100    54.134 
   97150    46.996 
   97200    52.628 
   97250    55.831 
   97300    51.055 
   97350    48.030 
   97400    49.909 
   97450    52.197 
   97500    58.155 
   97550    53.750 
   97600    52.827 
   97650    57.404 
   97700    57.753 
   97750    52.569 
   97800    52.389 
   97850    56.006 
   97900    54.606 
   97950    51.286 
   98000    49.262 
   98050    52.041 
   98100    52.862 
   98150    48.856 
   98200    54.855 
   98250    54.379 
   98300    51.186 
   98350    47.789 
   98400    52.150 
   98450    55.369 
   98500    57.179 
   98550    50.358 
   98600    49.993 
   98650    55.367 
   98700    53.550 
   98750    49.415 
   98800    50.443 
   98850    49.710 
   98900    54.946 
   98950    50.835 
   99000    50.752 
   99050    51.697 
   99100    56.495 
   99150    53.368 
   99200    49.828 
   99250    52.136 
   99300    54.544 
   99350    53.256 
   99400    52.374 
   99450    51.229 
   99500    50.985 
   99550    54.484 
   99600    57.717 
   99650    54.196 
   99700    52.463 
   99750    52.545 
   99800    51.950 
   99850    53.862 
   99900    52.679 
   99950    52.287 
