       0    17.161 
      50    15.828 
     100    15.816 
     150    19.065 
     200    16.701 
     250    19.534 
     300    18.134 
     350    16.202 
     400    16.325 
     450    18.940 
     500    16.780 
     550    18.948 
     600    17.561 
     650    17.962 
     700    20.895 
     750    18.035 
     800    15.796 
     850    18.376 
     900    15.869 
     950    18.713 
    1000    18.163 
    1050    16.637 
    1100    15.710 
    1150    14.805 
    1200    17.790 
    1250    17.193 
    1300    18.717 
    1350    19.298 
    1400    18.660 
    1450    18.669 
    1500    18.678 
    1550    15.668 
    1600    17.733 
    1650    15.648 
    1700    10.734 
    1750    15.316 
    1800    14.185 
    1850    13.542 
    1900    14.584 
    1950    15.886 
    2000    16.363 
    2050    16.758 
    2100    15.879 
    2150    15.645 
    2200    17.074 
    2250    17.689 
    2300    16.249 
    2350    16.003 
    2400    15.904 
    2450    18.342 
    2500    16.379 
    2550    14.966 
    2600    17.083 
    2650    19.209 
    2700    19.738 
    2750    17.906 
    2800    17.196 
    2850    20.680 
    2900    18.068 
    2950    18.342 
    3000    20.431 
    3050    20.333 
    3100    17.672 
    3150    15.607 
    3200    18.356 
    3250    21.117 
    3300    17.385 
    3350    17.576 
    3400    19.182 
    3450    16.208 
    3500    17.843 
    3550    16.299 
    3600    16.107 
    3650    17.193 
    3700    18.882 
    3750    15.121 
    3800    16.744 
    3850    15.028 
    3900    15.086 
    3950    14.423 
    4000    13.649 
    4050    12.764 
    4100    12.284 
    4150    14.235 
    4200    15.684 
    4250    15.027 
    4300    14.623 
    4350    15.072 
    4400    17.466 
    4450    17.956 
    4500    15.973 
    4550    17.116 
    4600    17.843 
    4650    16.873 
    4700    18.525 
    4750    19.989 
    4800    16.335 
    4850    19.191 
    4900    18.077 
    4950    15.440 
    5000    17.618 
    5050    18.448 
    5100    15.715 
    5150    15.517 
    5200    15.339 
    5250    15.321 
    5300    15.441 
    5350    15.696 
    5400    14.441 
    5450    16.154 
    5500    16.369 
    5550    18.784 
    5600    19.846 
    5650    18.959 
    5700    19.791 
    5750    18.064 
    5800    17.488 
    5850    15.055 
    5900    15.482 
    5950    15.617 
    6000    13.974 
    6050    13.576 
    6100    16.962 
    6150    16.315 
    6200    16.359 
    6250    16.612 
    6300    17.932 
    6350    18.344 
    6400    18.528 
    6450    19.627 
    6500    18.339 
    6550    19.869 
    6600    20.827 
    6650    19.957 
    6700    19.454 
    6750    19.087 
    6800    13.480 
    6850    15.404 
    6900    15.032 
    6950    14.778 
    7000    15.212 
    7050    15.136 
    7100    12.757 
    7150    14.106 
    7200    17.448 
    7250    17.990 
    7300    15.930 
    7350    17.544 
    7400    18.021 
    7450    15.996 
    7500    19.807 
    7550    19.148 
    7600    18.114 
    7650    18.925 
    7700    20.767 
    7750    16.603 
    7800    17.931 
    7850    15.778 
    7900    18.322 
    7950    18.571 
    8000    20.008 
    8050    20.698 
    8100    18.614 
    8150    17.809 
    8200    19.008 
    8250    18.944 
    8300    17.788 
    8350    16.129 
    8400    14.666 
    8450    17.397 
    8500    14.607 
    8550    14.480 
    8600    16.517 
    8650    16.155 
    8700    16.802 
    8750    15.093 
    8800    14.976 
    8850    14.761 
    8900    14.827 
    8950    15.456 
    9000    17.258 
    9050    16.859 
    9100    15.240 
    9150    16.191 
    9200    16.625 
    9250    15.328 
    9300    13.153 
    9350    15.049 
    9400    17.402 
    9450    15.390 
    9500    16.866 
    9550    16.439 
    9600    17.231 
    9650    14.673 
    9700    17.025 
    9750    16.427 
    9800    17.052 
    9850    18.621 
    9900    19.330 
    9950    18.679 
   10000    19.663 
   10050    19.052 
   10100    18.407 
   10150    19.575 
   10200    21.006 
   10250    19.474 
   10300    19.524 
   10350    19.882 
   10400    19.182 
   10450    19.199 
   10500    18.265 
   10550    20.795 
   10600    21.827 
   10650    19.461 
   10700    20.804 
   10750    21.362 
   10800    20.217 
   10850    19.408 
   10900    17.430 
   10950    16.676 
   11000    18.960 
   11050    18.109 
   11100    20.566 
   11150    18.333 
   11200    20.130 
   11250    19.307 
   11300    19.841 
   11350    20.573 
   11400    19.527 
   11450    20.438 
   11500    20.075 
   11550    17.499 
   11600    18.192 
   11650    19.376 
   11700    18.860 
   11750    19.536 
   11800    18.181 
   11850    20.469 
   11900    19.609 
   11950    15.535 
   12000    18.513 
   12050    18.599 
   12100    18.702 
   12150    17.584 
   12200    20.515 
   12250    18.373 
   12300    17.970 
   12350    16.627 
   12400    15.973 
   12450    15.484 
   12500    18.730 
   12550    15.369 
   12600    16.248 
   12650    17.428 
   12700    16.661 
   12750    15.015 
   12800    17.435 
   12850    16.701 
   12900    20.046 
   12950    19.752 
   13000    17.776 
   13050    20.513 
   13100    18.783 
   13150    17.162 
   13200    18.465 
   13250    17.980 
   13300    18.549 
   13350    18.233 
   13400    17.017 
   13450    15.874 
   13500    17.144 
   13550    16.115 
   13600    14.382 
   13650    16.592 
   13700    19.678 
   13750    13.864 
   13800    15.476 
   13850    14.564 
   13900    15.074 
   13950    17.281 
   14000    17.154 
   14050    15.306 
   14100    15.342 
   14150    13.907 
   14200    12.476 
   14250    14.373 
   14300    13.818 
   14350    14.571 
   14400    14.102 
   14450    12.173 
   14500    16.293 
   14550    18.275 
   14600    13.650 
   14650    15.095 
   14700    15.167 
   14750    12.990 
   14800    14.368 
   14850    16.359 
   14900    12.310 
   14950    13.265 
   15000    13.775 
   15050    15.110 
   15100    16.645 
   15150    15.861 
   15200    14.236 
   15250    15.858 
   15300    16.577 
   15350    13.876 
   15400    16.031 
   15450    16.941 
   15500    15.385 
   15550    15.715 
   15600    16.368 
   15650    14.393 
   15700    13.622 
   15750    16.498 
   15800    14.685 
   15850    16.565 
   15900    18.169 
   15950    17.421 
   16000    19.509 
   16050    20.584 
   16100    18.330 
   16150    19.177 
   16200    18.069 
   16250    16.550 
   16300    17.949 
   16350    18.976 
   16400    16.381 
   16450    18.511 
   16500    17.416 
   16550    16.538 
   16600    19.152 
   16650    18.504 
   16700    17.895 
   16750    19.547 
   16800    17.807 
   16850    14.644 
   16900    13.723 
   16950    15.371 
   17000    16.146 
   17050    17.412 
   17100    16.649 
   17150    14.217 
   17200    16.004 
   17250    17.056 
   17300    17.629 
   17350    16.881 
   17400    19.797 
   17450    15.833 
   17500    15.947 
   17550    17.436 
   17600    14.442 
   17650    16.020 
   17700    15.102 
   17750    14.672 
   17800    15.486 
   17850    14.119 
   17900    12.974 
   17950    13.693 
   18000    12.776 
   18050    13.835 
   18100    13.471 
   18150    12.050 
   18200    12.508 
   18250    17.468 
   18300    15.142 
   18350    12.901 
   18400    16.978 
   18450    18.398 
   18500    19.933 
   18550    18.644 
   18600    18.183 
   18650    18.556 
   18700    19.632 
   18750    19.276 
   18800    18.205 
   18850    20.641 
   18900    19.589 
   18950    16.119 
   19000    19.349 
   19050    18.904 
   19100    17.223 
   19150    19.382 
   19200    17.856 
   19250    19.607 
   19300    18.198 
   19350    17.408 
   19400    21.076 
   19450    18.329 
   19500    16.742 
   19550    14.842 
   19600    16.342 
   19650    17.893 
   19700    16.856 
   19750    17.633 
   19800    17.276 
   19850    14.220 
   19900    18.344 
   19950    18.634 
   20000    20.209 
   20050    20.812 
   20100    19.487 
   20150    16.705 
   20200    19.167 
   20250    19.922 
   20300    16.540 
   20350    15.255 
   20400    17.152 
   20450    16.074 
   20500    19.222 
   20550    17.832 
   20600    18.892 
   20650    15.014 
   20700    16.434 
   20750    16.146 
   20800    14.704 
   20850    14.510 
   20900    15.055 
   20950    13.035 
   21000    13.800 
   21050    15.324 
   21100    16.234 
   21150    15.996 
   21200    16.082 
   21250    15.990 
   21300    19.872 
   21350    18.078 
   21400    18.639 
   21450    19.587 
   21500    20.643 
   21550    19.146 
   21600    19.708 
   21650    20.621 
   21700    21.667 
   21750    20.646 
   21800    20.068 
   21850    20.726 
   21900    19.180 
   21950    21.767 
   22000    20.834 
   22050    19.764 
   22100    18.716 
   22150    18.874 
   22200    17.979 
   22250    15.947 
   22300    14.216 
   22350    15.859 
   22400    16.955 
   22450    16.105 
   22500    15.293 
   22550    17.808 
   22600    15.524 
   22650    13.242 
   22700    14.486 
   22750    16.383 
   22800    15.334 
   22850    12.811 
   22900    13.265 
   22950    14.304 
   23000    15.564 
   23050    14.649 
   23100    15.636 
   23150    16.263 
   23200    16.517 
   23250    17.077 
   23300    15.118 
   23350    14.876 
   23400    16.924 
   23450    16.746 
   23500    18.553 
   23550    18.285 
   23600    17.783 
   23650    18.687 
   23700    19.518 
   23750    19.752 
   23800    15.452 
   23850    15.058 
   23900    16.875 
   23950    15.653 
   24000    14.587 
   24050    14.074 
   24100    14.302 
   24150    17.208 
   24200    17.788 
   24250    14.292 
   24300    17.785 
   24350    16.677 
   24400    18.104 
   24450    17.133 
   24500    18.469 
   24550    16.905 
   24600    19.445 
   24650    19.945 
   24700    20.253 
   24750    17.984 
   24800    21.014 
   24850    18.570 
   24900    15.173 
   24950    18.480 
   25000    17.125 
   25050    15.643 
   25100    15.181 
   25150    16.062 
   25200    16.062 
   25250    12.750 
   25300    13.830 
   25350    15.613 
   25400    15.993 
   25450    15.867 
   25500    12.386 
   25550    13.574 
   25600    12.926 
   25650    14.754 
   25700    14.721 
   25750    21.252 
   25800    19.536 
   25850    16.096 
   25900    17.302 
   25950    18.313 
   26000    15.005 
   26050    14.503 
   26100    15.053 
   26150    17.427 
   26200    18.828 
   26250    17.406 
   26300    15.939 
   26350    17.115 
   26400    18.148 
   26450    15.656 
   26500    19.033 
   26550    21.347 
   26600    17.832 
   26650    18.273 
   26700    18.440 
   26750    18.274 
   26800    18.276 
   26850    19.260 
   26900    16.071 
   26950    15.504 
   27000    15.319 
   27050    12.862 
   27100    13.401 
   27150    15.036 
   27200    11.862 
   27250    15.165 
   27300    12.527 
   27350    14.225 
   27400    13.413 
   27450    15.899 
   27500    16.765 
   27550    19.678 
   27600    17.344 
   27650    14.725 
   27700    19.089 
   27750    13.271 
   27800    15.276 
   27850    18.455 
   27900    18.421 
   27950    16.698 
   28000    18.029 
   28050    19.129 
   28100    15.701 
   28150    17.377 
   28200    20.515 
   28250    18.832 
   28300    17.666 
   28350    18.130 
   28400    16.760 
   28450    18.816 
   28500    17.059 
   28550    17.641 
   28600    15.281 
   28650    17.534 
   28700    17.295 
   28750    15.898 
   28800    17.962 
   28850    18.776 
   28900    17.424 
   28950    18.792 
   29000    19.085 
   29050    16.541 
   29100    16.049 
   29150    20.967 
   29200    19.335 
   29250    19.474 
   29300    22.238 
   29350    19.360 
   29400    20.726 
   29450    20.464 
   29500    21.234 
   29550    19.580 
   29600    17.435 
   29650    16.800 
   29700    18.384 
   29750    18.427 
   29800    17.396 
   29850    16.738 
   29900    17.971 
   29950    18.066 
   30000    18.729 
   30050    14.454 
   30100    16.841 
   30150    16.396 
   30200    17.160 
   30250    15.498 
   30300    15.204 
   30350    16.140 
   30400    15.555 
   30450    14.217 
   30500    14.497 
   30550    15.619 
   30600    13.713 
   30650    18.767 
   30700    16.394 
   30750    17.006 
   30800    16.530 
   30850    13.941 
   30900    14.282 
   30950    17.322 
   31000    13.602 
   31050    13.373 
   31100    13.476 
   31150    16.623 
   31200    17.641 
   31250    16.415 
   31300    15.210 
   31350    13.745 
   31400    16.064 
   31450    14.831 
   31500    13.762 
   31550    14.652 
   31600    12.060 
   31650    14.438 
   31700    14.248 
   31750    13.116 
   31800    12.928 
   31850    14.845 
   31900    13.375 
   31950    16.382 
   32000    15.794 
   32050    15.115 
   32100    15.503 
   32150    16.034 
   32200    14.372 
   32250    14.346 
   32300    13.900 
   32350    16.534 
   32400    15.123 
   32450    14.565 
   32500    16.513 
   32550    16.760 
   32600    16.624 
   32650    15.053 
   32700    15.773 
   32750    16.405 
   32800    17.400 
   32850    17.667 
   32900    14.124 
   32950    16.764 
   33000    17.046 
   33050    16.003 
   33100    15.563 
   33150    16.584 
   33200    18.412 
   33250    17.062 
   33300    14.222 
   33350    18.522 
   33400    17.692 
   33450    16.654 
   33500    19.245 
   33550    17.965 
   33600    19.906 
   33650    19.740 
   33700    19.581 
   33750    19.266 
   33800    17.722 
   33850    17.954 
   33900    17.818 
   33950    19.850 
   34000    21.522 
   34050    19.385 
   34100    19.642 
   34150    20.621 
   34200    19.306 
   34250    17.016 
   34300    20.677 
   34350    19.374 
   34400    16.225 
   34450    17.372 
   34500    20.637 
   34550    18.734 
   34600    17.586 
   34650    19.795 
   34700    20.217 
   34750    18.999 
   34800    20.728 
   34850    20.617 
   34900    18.173 
   34950    22.128 
   35000    19.416 
   35050    20.204 
   35100    22.521 
   35150    21.816 
   35200    19.736 
   35250    19.513 
   35300    19.789 
   35350    17.240 
   35400    14.539 
   35450    16.933 
   35500    16.768 
   35550    18.369 
   35600    19.835 
   35650    18.378 
   35700    19.086 
   35750    19.510 
   35800    17.385 
   35850    16.805 
   35900    17.172 
   35950    16.166 
   36000    14.042 
   36050    13.766 
   36100    15.621 
   36150    14.754 
   36200    15.812 
   36250    17.040 
   36300    15.224 
   36350    16.229 
   36400    16.195 
   36450    15.759 
   36500    15.491 
   36550    15.898 
   36600    16.071 
   36650    16.194 
   36700    15.984 
   36750    16.598 
   36800    18.298 
   36850    18.264 
   36900    16.682 
   36950    17.504 
   37000    15.540 
   37050    18.695 
   37100    15.920 
   37150    16.753 
   37200    15.803 
   37250    17.621 
   37300    17.076 
   37350    17.312 
   37400    19.201 
   37450    17.765 
   37500    19.207 
   37550    21.536 
   37600    17.704 
   37650    17.186 
   37700    18.819 
   37750    16.852 
   37800    18.158 
   37850    19.571 
   37900    16.394 
   37950    16.165 
   38000    17.397 
   38050    17.461 
   38100    16.874 
   38150    17.405 
   38200    21.282 
   38250    18.544 
   38300    17.484 
   38350    17.922 
   38400    19.464 
   38450    18.193 
   38500    17.982 
   38550    18.758 
   38600    18.226 
   38650    18.503 
   38700    17.847 
   38750    16.741 
   38800    18.395 
   38850    15.321 
   38900    15.198 
   38950    14.863 
   39000    16.260 
   39050    14.202 
   39100    15.348 
   39150    16.467 
   39200    16.442 
   39250    17.282 
   39300    19.135 
   39350    18.187 
   39400    18.941 
   39450    20.702 
   39500    18.526 
   39550    19.845 
   39600    20.287 
   39650    20.950 
   39700    19.959 
   39750    21.068 
   39800    20.631 
   39850    19.542 
   39900    17.520 
   39950    17.062 
   40000    15.527 
   40050    18.127 
   40100    17.255 
   40150    16.167 
   40200    16.585 
   40250    16.104 
   40300    14.722 
   40350    16.030 
   40400    13.803 
   40450    13.015 
   40500    13.948 
   40550    13.892 
   40600    13.402 
   40650    11.794 
   40700    13.865 
   40750    12.875 
   40800    17.257 
   40850    18.016 
   40900    17.517 
   40950    16.894 
   41000    17.486 
   41050    15.569 
   41100    17.758 
   41150    19.087 
   41200    20.506 
   41250    19.419 
   41300    16.529 
   41350    17.376 
   41400    16.966 
   41450    15.138 
   41500    15.871 
   41550    17.429 
   41600    13.864 
   41650    16.680 
   41700    17.270 
   41750    16.282 
   41800    16.956 
   41850    18.169 
   41900    17.715 
   41950    18.384 
   42000    17.717 
   42050    17.053 
   42100    16.232 
   42150    17.435 
   42200    17.156 
   42250    14.552 
   42300    18.650 
   42350    18.947 
   42400    16.079 
   42450    17.691 
   42500    18.380 
   42550    18.035 
   42600    17.327 
   42650    17.348 
   42700    17.111 
   42750    17.611 
   42800    14.819 
   42850    16.434 
   42900    17.231 
   42950    16.512 
   43000    15.857 
   43050    17.800 
   43100    16.960 
   43150    19.162 
   43200    17.912 
   43250    16.452 
   43300    18.600 
   43350    16.780 
   43400    14.226 
   43450    14.924 
   43500    14.714 
   43550    14.952 
   43600    14.292 
   43650    13.873 
   43700    14.372 
   43750    16.005 
   43800    14.233 
   43850    15.726 
   43900    15.705 
   43950    13.319 
   44000    15.162 
   44050    18.458 
   44100    16.728 
   44150    18.213 
   44200    18.088 
   44250    16.131 
   44300    19.579 
   44350    19.261 
   44400    19.316 
   44450    17.363 
   44500    18.773 
   44550    21.148 
   44600    14.870 
   44650    17.323 
   44700    17.825 
   44750    16.681 
   44800    19.170 
   44850    17.429 
   44900    16.247 
   44950    18.867 
   45000    16.292 
   45050    19.280 
   45100    18.320 
   45150    17.748 
   45200    15.562 
   45250    17.402 
   45300    17.260 
   45350    18.094 
   45400    15.130 
   45450    18.493 
   45500    18.121 
   45550    16.440 
   45600    18.272 
   45650    19.859 
   45700    17.651 
   45750    16.797 
   45800    17.340 
   45850    16.536 
   45900    16.945 
   45950    17.881 
   46000    20.144 
   46050    18.470 
   46100    18.629 
   46150    19.491 
   46200    17.677 
   46250    19.670 
   46300    18.354 
   46350    17.739 
   46400    17.419 
   46450    19.842 
   46500    17.569 
   46550    17.598 
   46600    16.725 
   46650    17.678 
   46700    17.278 
   46750    18.868 
   46800    17.075 
   46850    16.834 
   46900    17.004 
   46950    15.534 
   47000    14.488 
   47050    16.976 
   47100    16.053 
   47150    17.899 
   47200    18.190 
   47250    18.018 
   47300    17.577 
   47350    18.452 
   47400    15.409 
   47450    15.508 
   47500    13.976 
   47550    13.837 
   47600    13.986 
   47650    16.078 
   47700    14.421 
   47750    13.716 
   47800    15.175 
   47850    13.564 
   47900    12.592 
   47950    15.135 
   48000    16.299 
   48050    16.790 
   48100    14.357 
   48150    13.372 
   48200    15.190 
   48250    17.551 
   48300    17.666 
   48350    17.884 
   48400    19.101 
   48450    17.596 
   48500    18.427 
   48550    18.546 
   48600    21.042 
   48650    19.133 
   48700    17.787 
   48750    17.797 
   48800    20.189 
   48850    18.268 
   48900    17.571 
   48950    16.902 
   49000    16.630 
   49050    14.613 
   49100    14.875 
   49150    15.455 
   49200    16.369 
   49250    15.396 
   49300    16.611 
   49350    16.649 
   49400    17.230 
   49450    17.382 
   49500    15.455 
   49550    17.124 
   49600    15.991 
   49650    16.913 
   49700    16.133 
   49750    16.008 
   49800    16.960 
   49850    14.655 
   49900    16.940 
   49950    19.157 
   50000    18.516 
   50050    15.702 
   50100    17.916 
   50150    19.353 
   50200    17.008 
   50250    13.146 
   50300    16.303 
   50350    11.947 
   50400    11.973 
   50450    12.378 
   50500    14.566 
   50550    13.638 
   50600    19.300 
   50650    21.662 
   50700    20.022 
   50750    22.986 
   50800    21.390 
   50850    19.054 
   50900    19.461 
   50950    19.511 
   51000    17.618 
   51050    17.508 
   51100    19.171 
   51150    17.570 
   51200    18.043 
   51250    16.238 
   51300    15.930 
   51350    18.517 
   51400    16.793 
   51450    18.821 
   51500    16.299 
   51550    15.129 
   51600    15.022 
   51650    12.888 
   51700    13.671 
   51750    16.882 
   51800    16.822 
   51850    18.125 
   51900    17.278 
   51950    18.839 
   52000    18.857 
   52050    17.389 
   52100    19.706 
   52150    20.042 
   52200    18.148 
   52250    17.830 
   52300    20.510 
   52350    14.729 
   52400    17.835 
   52450    16.746 
   52500    15.591 
   52550    15.763 
   52600    15.133 
   52650    17.842 
   52700    17.488 
   52750    18.258 
   52800    21.044 
   52850    19.766 
   52900    20.564 
   52950    21.288 
   53000    21.254 
   53050    20.500 
   53100    18.828 
   53150    22.395 
   53200    20.390 
   53250    20.067 
   53300    18.788 
   53350    18.903 
   53400    19.862 
   53450    18.187 
   53500    19.163 
   53550    19.670 
   53600    17.550 
   53650    18.485 
   53700    16.227 
   53750    14.873 
   53800    15.904 
   53850    15.028 
   53900    15.313 
   53950    15.938 
   54000    17.946 
   54050    17.353 
   54100    14.875 
   54150    18.841 
   54200    14.658 
   54250    17.286 
   54300    14.331 
   54350    16.081 
   54400    14.629 
   54450    16.045 
   54500    15.090 
   54550    15.209 
   54600    17.772 
   54650    12.897 
   54700    14.519 
   54750    15.356 
   54800    15.890 
   54850    15.692 
   54900    18.926 
   54950    15.439 
   55000    17.919 
   55050    19.569 
   55100    20.028 
   55150    23.012 
   55200    17.188 
   55250    18.464 
   55300    19.291 
   55350    16.435 
   55400    14.227 
   55450    19.081 
   55500    18.093 
   55550    16.638 
   55600    17.412 
   55650    15.096 
   55700    15.022 
   55750    16.536 
   55800    16.003 
   55850    17.319 
   55900    16.930 
   55950    17.485 
   56000    15.264 
   56050    17.323 
   56100    15.671 
   56150    14.731 
   56200    17.505 
   56250    17.857 
   56300    17.101 
   56350    16.218 
   56400    19.377 
   56450    19.715 
   56500    18.239 
   56550    14.196 
   56600    16.224 
   56650    15.779 
   56700    15.311 
   56750    15.306 
   56800    16.266 
   56850    18.125 
   56900    14.470 
   56950    14.828 
   57000    13.619 
   57050    15.265 
   57100    16.473 
   57150    14.237 
   57200    13.367 
   57250    17.306 
   57300    13.416 
   57350    14.510 
   57400    18.038 
   57450    17.263 
   57500    16.341 
   57550    17.491 
   57600    16.842 
   57650    17.458 
   57700    16.789 
   57750    15.566 
   57800    14.461 
   57850    18.036 
   57900    16.926 
   57950    17.322 
   58000    18.893 
   58050    17.927 
   58100    17.235 
   58150    18.478 
   58200    18.371 
   58250    14.029 
   58300    17.110 
   58350    18.652 
   58400    14.414 
   58450    16.039 
   58500    16.619 
   58550    15.528 
   58600    17.577 
   58650    18.643 
   58700    17.715 
   58750    21.035 
   58800    18.055 
   58850    18.095 
   58900    19.475 
   58950    17.268 
   59000    18.099 
   59050    18.540 
   59100    19.551 
   59150    15.832 
   59200    15.235 
   59250    15.813 
   59300    15.858 
   59350    14.323 
   59400    14.652 
   59450    14.885 
   59500    14.263 
   59550    15.502 
   59600    16.122 
   59650    14.805 
   59700    14.944 
   59750    18.159 
   59800    16.864 
   59850    16.212 
   59900    19.019 
   59950    15.428 
   60000    18.656 
   60050    18.916 
   60100    17.093 
   60150    18.260 
   60200    18.394 
   60250    15.748 
   60300    17.485 
   60350    19.255 
   60400    18.969 
   60450    15.439 
   60500    15.516 
   60550    18.260 
   60600    20.139 
   60650    15.890 
   60700    16.034 
   60750    18.016 
   60800    17.705 
   60850    17.833 
   60900    19.130 
   60950    20.694 
   61000    20.697 
   61050    19.689 
   61100    17.480 
   61150    17.240 
   61200    16.538 
   61250    17.303 
   61300    17.887 
   61350    17.909 
   61400    16.443 
   61450    15.280 
   61500    14.472 
   61550    12.439 
   61600    14.001 
   61650    12.582 
   61700    14.996 
   61750    18.526 
   61800    17.299 
   61850    17.525 
   61900    19.899 
   61950    18.697 
   62000    19.267 
   62050    20.331 
   62100    17.611 
   62150    18.212 
   62200    21.577 
   62250    20.483 
   62300    19.692 
   62350    22.667 
   62400    20.615 
   62450    21.186 
   62500    20.042 
   62550    17.499 
   62600    15.122 
   62650    19.388 
   62700    16.988 
   62750    16.274 
   62800    16.569 
   62850    14.708 
   62900    15.833 
   62950    13.891 
   63000    14.642 
   63050    15.103 
   63100    14.508 
   63150    15.253 
   63200    16.000 
   63250    16.746 
   63300    18.489 
   63350    17.736 
   63400    18.561 
   63450    17.669 
   63500    18.221 
   63550    16.502 
   63600    18.299 
   63650    18.266 
   63700    16.791 
   63750    18.805 
   63800    19.995 
   63850    18.010 
   63900    17.073 
   63950    17.100 
   64000    15.981 
   64050    16.258 
   64100    14.692 
   64150    17.225 
   64200    16.590 
   64250    16.214 
   64300    18.157 
   64350    17.631 
   64400    21.715 
   64450    17.802 
   64500    16.623 
   64550    18.618 
   64600    16.627 
   64650    19.342 
   64700    18.840 
   64750    17.946 
   64800    16.717 
   64850    18.010 
   64900    19.646 
   64950    14.219 
   65000    13.912 
   65050    16.082 
   65100    16.182 
   65150    17.199 
   65200    16.819 
   65250    20.540 
   65300    20.014 
   65350    21.376 
   65400    18.263 
   65450    20.538 
   65500    19.503 
   65550    19.190 
   65600    17.364 
   65650    18.790 
   65700    18.665 
   65750    16.965 
   65800    15.022 
   65850    17.267 
   65900    17.043 
   65950    18.235 
   66000    17.327 
   66050    15.425 
   66100    20.915 
   66150    17.225 
   66200    19.604 
   66250    17.384 
   66300    16.216 
   66350    18.413 
   66400    17.686 
   66450    17.127 
   66500    20.002 
   66550    19.492 
   66600    18.942 
   66650    17.409 
   66700    16.612 
   66750    18.140 
   66800    18.463 
   66850    18.058 
   66900    16.621 
   66950    18.295 
   67000    16.486 
   67050    14.362 
   67100    16.364 
   67150    18.421 
   67200    17.436 
   67250    14.996 
   67300    15.833 
   67350    16.899 
   67400    17.998 
   67450    17.658 
   67500    17.306 
   67550    17.367 
   67600    20.239 
   67650    19.257 
   67700    17.800 
   67750    17.945 
   67800    17.344 
   67850    17.755 
   67900    17.704 
   67950    15.979 
   68000    16.106 
   68050    15.117 
   68100    16.433 
   68150    14.707 
   68200    18.564 
   68250    17.506 
   68300    16.677 
   68350    17.259 
   68400    17.438 
   68450    17.357 
   68500    19.165 
   68550    17.127 
   68600    17.201 
   68650    15.670 
   68700    16.999 
   68750    14.015 
   68800    17.905 
   68850    21.071 
   68900    18.505 
   68950    20.856 
   69000    19.866 
   69050    18.091 
   69100    20.907 
   69150    19.924 
   69200    19.321 
   69250    21.062 
   69300    21.576 
   69350    15.978 
   69400    17.782 
   69450    15.625 
   69500    16.774 
   69550    15.436 
   69600    18.537 
   69650    14.924 
   69700    17.561 
   69750    18.048 
   69800    16.540 
   69850    19.304 
   69900    15.801 
   69950    18.512 
   70000    16.467 
   70050    17.485 
   70100    14.514 
   70150    16.443 
   70200    14.310 
   70250    15.090 
   70300    15.525 
   70350    14.853 
   70400    15.635 
   70450    16.257 
   70500    14.445 
   70550    15.829 
   70600    16.278 
   70650    15.406 
   70700    14.404 
   70750    18.132 
   70800    18.375 
   70850    16.200 
   70900    14.937 
   70950    16.827 
   71000    19.045 
   71050    19.223 
   71100    19.482 
   71150    18.685 
   71200    19.734 
   71250    16.431 
   71300    15.463 
   71350    15.847 
   71400    15.921 
   71450    14.390 
   71500    16.425 
   71550    19.390 
   71600    16.305 
   71650    14.009 
   71700    16.074 
   71750    14.592 
   71800    17.453 
   71850    14.891 
   71900    18.717 
   71950    20.720 
   72000    19.469 
   72050    17.906 
   72100    16.344 
   72150    17.246 
   72200    16.015 
   72250    15.790 
   72300    13.497 
   72350    12.085 
   72400    14.428 
   72450    14.958 
   72500    15.032 
   72550    16.530 
   72600    16.743 
   72650    16.615 
   72700    22.840 
   72750    22.279 
   72800    24.555 
   72850    22.907 
   72900    24.386 
   72950    22.479 
   73000    16.873 
   73050    16.006 
   73100    19.018 
   73150    18.853 
   73200    18.791 
   73250    16.007 
   73300    13.821 
   73350    12.807 
   73400    12.391 
   73450    12.819 
   73500    15.637 
   73550    11.136 
   73600    13.612 
   73650    15.651 
   73700    15.881 
   73750    18.976 
   73800    20.949 
   73850    20.574 
   73900    19.527 
   73950    18.213 
   74000    19.932 
   74050    19.141 
   74100    14.839 
   74150    16.142 
   74200    15.315 
   74250    16.699 
   74300    18.127 
   74350    18.526 
   74400    16.400 
   74450    17.079 
   74500    20.333 
   74550    15.019 
   74600    16.589 
   74650    16.701 
   74700    16.579 
   74750    16.141 
   74800    18.954 
   74850    19.789 
   74900    19.256 
   74950    19.536 
   75000    16.903 
   75050    14.808 
   75100    18.350 
   75150    15.826 
   75200    14.685 
   75250    18.042 
   75300    15.409 
   75350    16.877 
   75400    19.289 
   75450    19.064 
   75500    17.057 
   75550    19.142 
   75600    19.038 
   75650    19.052 
   75700    19.120 
   75750    17.091 
   75800    18.133 
   75850    19.114 
   75900    18.122 
   75950    16.636 
   76000    15.701 
   76050    16.657 
   76100    17.066 
   76150    19.358 
   76200    17.889 
   76250    18.866 
   76300    17.436 
   76350    17.733 
   76400    20.435 
   76450    21.108 
   76500    22.566 
   76550    19.721 
   76600    22.276 
   76650    22.667 
   76700    18.816 
   76750    16.453 
   76800    19.418 
   76850    20.077 
   76900    18.405 
   76950    19.228 
   77000    18.440 
   77050    19.728 
   77100    16.439 
   77150    15.767 
   77200    16.084 
   77250    18.609 
   77300    17.336 
   77350    13.555 
   77400    16.695 
   77450    18.906 
   77500    17.066 
   77550    15.422 
   77600    16.621 
   77650    15.045 
   77700    14.153 
   77750    14.356 
   77800    17.266 
   77850    17.085 
   77900    19.489 
   77950    19.390 
   78000    18.583 
   78050    19.370 
   78100    17.999 
   78150    17.443 
   78200    19.164 
   78250    19.905 
   78300    18.604 
   78350    14.458 
   78400    18.700 
   78450    17.636 
   78500    17.364 
   78550    15.069 
   78600    15.726 
   78650    15.934 
   78700    15.414 
   78750    13.132 
   78800    13.584 
   78850    11.641 
   78900    15.006 
   78950    16.888 
   79000    16.076 
   79050    18.812 
   79100    19.802 
   79150    17.857 
   79200    17.547 
   79250    20.098 
   79300    17.257 
   79350    18.117 
   79400    17.895 
   79450    18.240 
   79500    15.085 
   79550    17.652 
   79600    14.077 
   79650    17.097 
   79700    17.442 
   79750    18.938 
   79800    16.282 
   79850    19.285 
   79900    19.477 
   79950    17.784 
   80000    19.055 
   80050    19.244 
   80100    17.354 
   80150    17.288 
   80200    16.513 
   80250    13.593 
   80300    14.989 
   80350    16.469 
   80400    14.407 
   80450    14.432 
   80500    16.260 
   80550    15.796 
   80600    16.300 
   80650    18.819 
   80700    18.338 
   80750    18.047 
   80800    17.820 
   80850    17.908 
   80900    16.371 
   80950    16.977 
   81000    19.254 
   81050    17.697 
   81100    14.751 
   81150    17.029 
   81200    19.029 
   81250    14.661 
   81300    16.900 
   81350    17.417 
   81400    15.318 
   81450    17.299 
   81500    16.214 
   81550    15.978 
   81600    14.791 
   81650    16.356 
   81700    14.695 
   81750    15.538 
   81800    16.043 
   81850    13.725 
   81900    16.667 
   81950    19.092 
   82000    18.481 
   82050    18.925 
   82100    17.124 
   82150    17.569 
   82200    16.994 
   82250    18.669 
   82300    16.604 
   82350    16.030 
   82400    17.295 
   82450    16.892 
   82500    15.736 
   82550    16.875 
   82600    16.600 
   82650    14.493 
   82700    15.503 
   82750    16.387 
   82800    18.254 
   82850    13.987 
   82900    18.270 
   82950    20.167 
   83000    18.807 
   83050    16.947 
   83100    20.135 
   83150    21.945 
   83200    18.228 
   83250    17.189 
   83300    17.429 
   83350    17.176 
   83400    16.722 
   83450    15.652 
   83500    17.575 
   83550    16.439 
   83600    15.769 
   83650    15.064 
   83700    15.574 
   83750    17.028 
   83800    19.628 
   83850    16.095 
   83900    16.769 
   83950    18.234 
   84000    19.606 
   84050    17.236 
   84100    18.643 
   84150    20.394 
   84200    17.615 
   84250    20.152 
   84300    17.969 
   84350    17.619 
   84400    18.701 
   84450    19.193 
   84500    15.882 
   84550    16.869 
   84600    16.038 
   84650    16.828 
   84700    16.745 
   84750    15.110 
   84800    16.742 
   84850    18.300 
   84900    13.897 
   84950    15.940 
   85000    16.120 
   85050    15.917 
   85100    12.385 
   85150    14.463 
   85200    15.196 
   85250    14.258 
   85300    17.293 
   85350    12.181 
   85400    13.806 
   85450    15.875 
   85500    14.490 
   85550    12.794 
   85600    14.350 
   85650    14.478 
   85700    14.072 
   85750    12.535 
   85800    16.838 
   85850    15.362 
   85900    15.920 
   85950    16.317 
   86000    17.893 
   86050    18.563 
   86100    14.109 
   86150    13.920 
   86200    19.142 
   86250    17.054 
   86300    15.555 
   86350    17.634 
   86400    16.711 
   86450    18.424 
   86500    18.614 
   86550    19.720 
   86600    19.926 
   86650    18.540 
   86700    16.881 
   86750    16.289 
   86800    14.944 
   86850    16.434 
   86900    18.754 
   86950    12.094 
   87000    15.164 
   87050    15.339 
   87100    13.261 
   87150    14.607 
   87200    16.254 
   87250    15.517 
   87300    17.964 
   87350    20.326 
   87400    12.966 
   87450    15.411 
   87500    17.256 
   87550    14.010 
   87600    14.934 
   87650    16.431 
   87700    16.458 
   87750    17.823 
   87800    19.447 
   87850    15.262 
   87900    20.814 
   87950    19.661 
   88000    16.001 
   88050    19.386 
   88100    20.468 
   88150    15.681 
   88200    19.139 
   88250    17.732 
   88300    19.152 
   88350    19.760 
   88400    17.536 
   88450    18.730 
   88500    19.107 
   88550    12.047 
   88600    12.300 
   88650    12.841 
   88700    11.112 
   88750    15.700 
   88800    15.492 
   88850    14.734 
   88900    19.531 
   88950    16.454 
   89000    15.853 
   89050    15.868 
   89100    16.824 
   89150    17.143 
   89200    17.668 
   89250    18.504 
   89300    19.383 
   89350    18.190 
   89400    14.558 
   89450    18.409 
   89500    17.223 
   89550    16.421 
   89600    15.904 
   89650    18.339 
   89700    17.175 
   89750    16.004 
   89800    17.119 
   89850    18.051 
   89900    18.723 
   89950    19.438 
   90000    18.287 
   90050    16.549 
   90100    16.556 
   90150    19.359 
   90200    18.035 
   90250    18.427 
   90300    19.993 
   90350    16.443 
   90400    17.613 
   90450    17.846 
   90500    16.707 
   90550    16.529 
   90600    17.116 
   90650    13.982 
   90700    16.620 
   90750    19.126 
   90800    14.417 
   90850    14.646 
   90900    17.904 
   90950    17.307 
   91000    15.696 
   91050    17.670 
   91100    16.345 
   91150    17.904 
   91200    19.621 
   91250    16.391 
   91300    16.166 
   91350    19.790 
   91400    15.978 
   91450    18.814 
   91500    17.989 
   91550    17.764 
   91600    20.344 
   91650    17.201 
   91700    16.350 
   91750    17.979 
   91800    19.219 
   91850    17.248 
   91900    18.628 
   91950    19.759 
   92000    18.041 
   92050    19.210 
   92100    19.185 
   92150    18.610 
   92200    19.876 
   92250    20.412 
   92300    20.619 
   92350    21.697 
   92400    20.520 
   92450    14.482 
   92500    18.351 
   92550    18.302 
   92600    14.644 
   92650    14.496 
   92700    13.707 
   92750    13.048 
   92800    17.280 
   92850    15.353 
   92900    14.923 
   92950    16.928 
   93000    18.874 
   93050    16.179 
   93100    17.824 
   93150    18.621 
   93200    19.665 
   93250    19.269 
   93300    18.880 
   93350    18.599 
   93400    22.168 
   93450    20.952 
   93500    19.342 
   93550    18.392 
   93600    21.691 
   93650    19.267 
   93700    14.381 
   93750    19.996 
   93800    17.329 
   93850    13.172 
   93900    16.278 
   93950    17.978 
   94000    14.684 
   94050    17.476 
   94100    17.630 
   94150    20.939 
   94200    21.407 
   94250    21.758 
   94300    20.089 
   94350    20.803 
   94400    22.009 
   94450    20.532 
   94500    21.923 
   94550    22.334 
   94600    22.942 
   94650    21.224 
   94700    23.306 
   94750    22.950 
   94800    21.259 
   94850    19.230 
   94900    20.667 
   94950    16.817 
   95000    14.270 
   95050    15.177 
   95100    13.128 
   95150    15.087 
   95200    15.241 
   95250    16.904 
   95300    19.280 
   95350    17.527 
   95400    17.997 
   95450    19.405 
   95500    16.303 
   95550    16.412 
   95600    16.674 
   95650    16.119 
   95700    16.576 
   95750    18.934 
   95800    15.959 
   95850    16.506 
   95900    16.704 
   95950    13.625 
   96000    15.398 
   96050    17.587 
   96100    16.029 
   96150    15.886 
   96200    15.423 
   96250    18.196 
   96300    19.675 
   96350    18.906 
   96400    17.449 
   96450    17.972 
   96500    18.383 
   96550    15.494 
   96600    18.554 
   96650    16.879 
   96700    15.869 
   96750    17.652 
   96800    19.112 
   96850    19.874 
   96900    19.099 
   96950    15.554 
   97000    14.220 
   97050    15.084 
   97100    13.737 
   97150    12.258 
   97200    12.338 
   97250    18.764 
   97300    17.569 
   97350    17.957 
   97400    19.731 
   97450    18.391 
   97500    17.558 
   97550    19.538 
   97600    20.256 
   97650    18.729 
   97700    19.925 
   97750    20.013 
   97800    14.933 
   97850    17.748 
   97900    15.735 
   97950    14.420 
   98000    16.732 
   98050    17.023 
   98100    15.287 
   98150    16.443 
   98200    18.465 
   98250    17.011 
   98300    18.845 
   98350    16.234 
   98400    17.153 
   98450    15.219 
   98500    15.604 
   98550    13.562 
   98600    14.650 
   98650    13.476 
   98700    15.901 
   98750    14.083 
   98800    14.613 
   98850    16.078 
   98900    17.307 
   98950    16.280 
   99000    16.410 
   99050    15.259 
   99100    16.425 
   99150    16.626 
   99200    16.211 
   99250    16.624 
   99300    17.656 
   99350    16.367 
   99400    14.954 
   99450    17.905 
   99500    17.433 
   99550    18.208 
   99600    15.116 
   99650    17.516 
   99700    16.916 
   99750    15.910 
   99800    17.789 
   99850    19.172 
   99900    17.808 
   99950    18.602 
