       0   142.760 
      50   147.319 
     100   146.436 
     150   146.239 
     200   147.791 
     250   144.623 
     300   143.619 
     350   144.431 
     400   145.946 
     450   147.089 
     500   142.278 
     550   144.103 
     600   143.543 
     650   146.393 
     700   146.349 
     750   144.636 
     800   144.541 
     850   143.558 
     900   147.575 
     950   149.967 
    1000   144.236 
    1050   142.759 
    1100   146.403 
    1150   146.443 
    1200   148.574 
    1250   141.723 
    1300   143.040 
    1350   150.148 
    1400   143.692 
    1450   146.109 
    1500   138.883 
    1550   144.479 
    1600   143.887 
    1650   148.273 
    1700   148.229 
    1750   146.335 
    1800   145.197 
    1850   144.359 
    1900   147.363 
    1950   146.318 
    2000   148.121 
    2050   144.121 
    2100   142.629 
    2150   149.446 
    2200   146.130 
    2250   146.739 
    2300   147.197 
    2350   140.406 
    2400   147.265 
    2450   143.857 
    2500   151.647 
    2550   147.681 
    2600   143.937 
    2650   146.365 
    2700   143.472 
    2750   149.491 
    2800   145.155 
    2850   144.612 
    2900   149.761 
    2950   142.325 
    3000   144.397 
    3050   143.650 
    3100   145.282 
    3150   149.239 
    3200   143.037 
    3250   143.017 
    3300   146.196 
    3350   139.791 
    3400   143.343 
    3450   145.101 
    3500   145.266 
    3550   150.778 
    3600   145.369 
    3650   141.812 
    3700   141.678 
    3750   141.444 
    3800   146.629 
    3850   144.506 
    3900   143.342 
    3950   145.681 
    4000   142.143 
    4050   142.577 
    4100   142.445 
    4150   141.842 
    4200   147.542 
    4250   144.347 
    4300   141.807 
    4350   144.030 
    4400   142.948 
    4450   148.745 
    4500   146.070 
    4550   149.301 
    4600   143.550 
    4650   140.825 
    4700   144.141 
    4750   146.792 
    4800   149.646 
    4850   146.099 
    4900   147.413 
    4950   141.254 
    5000   144.110 
    5050   144.293 
    5100   152.726 
    5150   146.449 
    5200   144.216 
    5250   143.454 
    5300   142.501 
    5350   147.959 
    5400   146.411 
    5450   144.956 
    5500   148.515 
    5550   145.575 
    5600   144.567 
    5650   147.579 
    5700   147.468 
    5750   145.026 
    5800   144.735 
    5850   143.777 
    5900   149.694 
    5950   142.982 
    6000   142.472 
    6050   149.664 
    6100   145.093 
    6150   148.097 
    6200   149.071 
    6250   141.984 
    6300   144.490 
    6350   144.724 
    6400   145.447 
    6450   144.730 
    6500   147.269 
    6550   144.686 
    6600   147.941 
    6650   145.067 
    6700   145.735 
    6750   146.038 
    6800   144.403 
    6850   146.037 
    6900   143.724 
    6950   147.188 
    7000   145.133 
    7050   146.173 
    7100   145.090 
    7150   141.815 
    7200   146.319 
    7250   144.361 
    7300   144.302 
    7350   141.505 
    7400   147.644 
    7450   145.928 
    7500   148.413 
    7550   146.534 
    7600   144.448 
    7650   147.072 
    7700   147.216 
    7750   144.635 
    7800   140.473 
    7850   146.080 
    7900   147.871 
    7950   146.144 
    8000   147.556 
    8050   140.930 
    8100   150.484 
    8150   141.571 
    8200   145.791 
    8250   143.654 
    8300   143.194 
    8350   144.537 
    8400   147.152 
    8450   144.332 
    8500   145.227 
    8550   148.033 
    8600   146.544 
    8650   146.810 
    8700   144.719 
    8750   149.022 
    8800   142.357 
    8850   146.176 
    8900   143.175 
    8950   148.173 
    9000   145.591 
    9050   144.656 
    9100   143.434 
    9150   146.939 
    9200   142.664 
    9250   147.524 
    9300   147.219 
    9350   146.400 
    9400   143.012 
    9450   141.254 
    9500   144.025 
    9550   144.033 
    9600   147.441 
    9650   149.190 
    9700   143.054 
    9750   144.437 
    9800   143.318 
    9850   145.273 
    9900   142.711 
    9950   144.087 
   10000   147.618 
   10050   147.405 
   10100   140.563 
   10150   147.075 
   10200   143.949 
   10250   146.589 
   10300   147.943 
   10350   145.810 
   10400   143.507 
   10450   143.694 
   10500   144.499 
   10550   146.231 
   10600   145.306 
   10650   144.294 
   10700   147.231 
   10750   145.059 
   10800   146.121 
   10850   147.392 
   10900   146.042 
   10950   146.274 
   11000   144.165 
   11050   147.502 
   11100   146.071 
   11150   143.763 
   11200   146.515 
   11250   146.692 
   11300   149.887 
   11350   146.338 
   11400   142.478 
   11450   146.546 
   11500   147.019 
   11550   144.727 
   11600   144.625 
   11650   149.161 
   11700   143.082 
   11750   144.662 
   11800   147.199 
   11850   144.209 
   11900   145.871 
   11950   143.330 
   12000   147.282 
   12050   147.966 
   12100   144.402 
   12150   145.123 
   12200   144.215 
   12250   148.609 
   12300   140.804 
   12350   144.657 
   12400   143.513 
   12450   142.076 
   12500   149.580 
   12550   143.715 
   12600   145.667 
   12650   144.210 
   12700   143.591 
   12750   142.158 
   12800   143.905 
   12850   146.549 
   12900   147.437 
   12950   142.746 
   13000   144.676 
   13050   143.435 
   13100   148.395 
   13150   144.462 
   13200   144.623 
   13250   144.562 
   13300   145.127 
   13350   146.118 
   13400   145.082 
   13450   145.721 
   13500   146.681 
   13550   146.281 
   13600   145.024 
   13650   144.457 
   13700   144.557 
   13750   146.038 
   13800   148.778 
   13850   146.064 
   13900   145.657 
   13950   144.456 
   14000   141.951 
   14050   142.395 
   14100   145.075 
   14150   148.796 
   14200   146.957 
   14250   139.834 
   14300   142.232 
   14350   143.621 
   14400   146.275 
   14450   144.368 
   14500   144.129 
   14550   144.674 
   14600   144.485 
   14650   146.156 
   14700   146.360 
   14750   146.535 
   14800   146.523 
   14850   143.452 
   14900   143.404 
   14950   148.145 
   15000   146.960 
   15050   143.868 
   15100   145.305 
   15150   144.678 
   15200   145.071 
   15250   147.680 
   15300   146.285 
   15350   144.939 
   15400   141.576 
   15450   145.200 
   15500   144.916 
   15550   147.337 
   15600   147.028 
   15650   144.594 
   15700   142.110 
   15750   141.039 
   15800   145.379 
   15850   145.666 
   15900   145.323 
   15950   146.305 
   16000   143.467 
   16050   143.282 
   16100   147.903 
   16150   147.781 
   16200   146.476 
   16250   146.903 
   16300   142.939 
   16350   145.668 
   16400   142.095 
   16450   150.195 
   16500   147.380 
   16550   144.585 
   16600   149.243 
   16650   144.928 
   16700   145.240 
   16750   145.710 
   16800   145.333 
   16850   147.958 
   16900   141.720 
   16950   146.854 
   17000   146.984 
   17050   144.768 
   17100   146.826 
   17150   142.361 
   17200   147.687 
   17250   141.688 
   17300   146.208 
   17350   147.453 
   17400   146.983 
   17450   141.567 
   17500   147.917 
   17550   146.995 
   17600   148.192 
   17650   146.035 
   17700   143.414 
   17750   149.385 
   17800   145.319 
   17850   147.194 
   17900   143.138 
   17950   145.028 
   18000   143.654 
   18050   142.451 
   18100   144.173 
   18150   144.300 
   18200   144.977 
   18250   147.381 
   18300   142.482 
   18350   143.750 
   18400   143.942 
   18450   144.781 
   18500   147.953 
   18550   143.940 
   18600   143.086 
   18650   146.553 
   18700   146.006 
   18750   147.601 
   18800   148.611 
   18850   145.331 
   18900   145.398 
   18950   141.209 
   19000   146.156 
   19050   149.739 
   19100   148.676 
   19150   144.637 
   19200   143.041 
   19250   146.482 
   19300   141.312 
   19350   146.191 
   19400   147.490 
   19450   146.097 
   19500   148.520 
   19550   142.512 
   19600   145.100 
   19650   147.391 
   19700   144.905 
   19750   149.551 
   19800   146.131 
   19850   142.284 
   19900   144.629 
   19950   145.957 
   20000   149.537 
   20050   144.120 
   20100   144.841 
   20150   143.489 
   20200   144.488 
   20250   151.258 
   20300   143.614 
   20350   144.723 
   20400   142.579 
   20450   148.429 
   20500   148.353 
   20550   145.938 
   20600   148.095 
   20650   142.217 
   20700   144.283 
   20750   146.885 
   20800   147.398 
   20850   148.038 
   20900   138.714 
   20950   146.759 
   21000   146.401 
   21050   148.005 
   21100   148.729 
   21150   142.400 
   21200   146.450 
   21250   146.633 
   21300   147.895 
   21350   145.658 
   21400   143.250 
   21450   142.676 
   21500   143.992 
   21550   146.970 
   21600   145.205 
   21650   146.200 
   21700   144.934 
   21750   142.075 
   21800   146.039 
   21850   145.706 
   21900   145.178 
   21950   144.816 
   22000   142.664 
   22050   149.755 
   22100   143.259 
   22150   144.929 
   22200   145.160 
   22250   147.158 
   22300   147.457 
   22350   147.270 
   22400   148.537 
   22450   147.318 
   22500   145.900 
   22550   145.705 
   22600   143.039 
   22650   148.928 
   22700   142.592 
   22750   148.924 
   22800   145.707 
   22850   147.295 
   22900   148.834 
   22950   144.049 
   23000   148.166 
   23050   144.496 
   23100   142.997 
   23150   143.516 
   23200   149.014 
   23250   146.666 
   23300   142.295 
   23350   145.627 
   23400   145.083 
   23450   146.916 
   23500   145.510 
   23550   144.085 
   23600   146.896 
   23650   143.470 
   23700   147.494 
   23750   147.231 
   23800   142.693 
   23850   144.237 
   23900   144.196 
   23950   146.871 
   24000   150.138 
   24050   145.964 
   24100   145.954 
   24150   145.737 
   24200   143.310 
   24250   145.421 
   24300   144.910 
   24350   143.769 
   24400   147.970 
   24450   143.188 
   24500   144.740 
   24550   145.088 
   24600   144.457 
   24650   146.547 
   24700   142.561 
   24750   144.609 
   24800   145.030 
   24850   145.800 
   24900   145.909 
   24950   143.117 
   25000   147.058 
   25050   147.827 
   25100   147.395 
   25150   147.063 
   25200   144.152 
   25250   142.387 
   25300   146.726 
   25350   143.559 
   25400   152.072 
   25450   147.118 
   25500   145.667 
   25550   142.896 
   25600   148.692 
   25650   148.117 
   25700   145.959 
   25750   149.609 
   25800   142.078 
   25850   146.783 
   25900   146.065 
   25950   145.204 
   26000   143.908 
   26050   141.470 
   26100   150.213 
   26150   145.036 
   26200   143.149 
   26250   147.304 
   26300   148.482 
   26350   146.199 
   26400   141.253 
   26450   149.762 
   26500   148.429 
   26550   145.627 
   26600   143.163 
   26650   142.830 
   26700   146.575 
   26750   148.774 
   26800   145.455 
   26850   144.340 
   26900   144.835 
   26950   146.897 
   27000   146.814 
   27050   145.507 
   27100   143.592 
   27150   144.936 
   27200   147.283 
   27250   149.718 
   27300   144.139 
   27350   147.667 
   27400   147.137 
   27450   146.261 
   27500   144.169 
   27550   143.358 
   27600   149.471 
   27650   146.563 
   27700   146.175 
   27750   143.508 
   27800   143.916 
   27850   145.764 
   27900   145.935 
   27950   147.551 
   28000   144.033 
   28050   149.066 
   28100   144.516 
   28150   147.308 
   28200   146.339 
   28250   142.659 
   28300   145.728 
   28350   138.823 
   28400   146.749 
   28450   146.131 
   28500   144.948 
   28550   141.850 
   28600   144.347 
   28650   151.638 
   28700   144.416 
   28750   146.386 
   28800   142.513 
   28850   142.989 
   28900   148.954 
   28950   150.699 
   29000   145.675 
   29050   138.282 
   29100   144.991 
   29150   146.401 
   29200   150.074 
   29250   145.230 
   29300   144.981 
   29350   141.767 
   29400   141.108 
   29450   147.603 
   29500   148.728 
   29550   144.975 
   29600   147.231 
   29650   144.565 
   29700   146.612 
   29750   147.728 
   29800   146.925 
   29850   144.358 
   29900   142.094 
   29950   147.548 
   30000   150.813 
   30050   145.012 
   30100   143.466 
   30150   145.225 
   30200   147.530 
   30250   146.312 
   30300   143.968 
   30350   148.713 
   30400   146.226 
   30450   144.725 
   30500   145.097 
   30550   148.700 
   30600   147.469 
   30650   144.014 
   30700   144.113 
   30750   147.719 
   30800   147.099 
   30850   151.101 
   30900   142.410 
   30950   150.676 
   31000   145.496 
   31050   143.678 
   31100   144.633 
   31150   147.171 
   31200   146.307 
   31250   145.913 
   31300   147.350 
   31350   147.905 
   31400   147.077 
   31450   141.526 
   31500   147.798 
   31550   147.088 
   31600   146.990 
   31650   146.886 
   31700   145.162 
   31750   144.333 
   31800   148.079 
   31850   147.932 
   31900   145.254 
   31950   147.711 
   32000   148.638 
   32050   142.807 
   32100   145.459 
   32150   145.794 
   32200   145.018 
   32250   147.061 
   32300   142.984 
   32350   146.508 
   32400   143.460 
   32450   144.548 
   32500   148.558 
   32550   140.831 
   32600   146.160 
   32650   141.344 
   32700   149.790 
   32750   145.053 
   32800   144.269 
   32850   147.076 
   32900   143.439 
   32950   147.082 
   33000   146.205 
   33050   143.116 
   33100   142.663 
   33150   142.692 
   33200   146.967 
   33250   145.718 
   33300   142.872 
   33350   142.977 
   33400   146.026 
   33450   145.896 
   33500   144.702 
   33550   145.448 
   33600   145.786 
   33650   145.576 
   33700   146.097 
   33750   145.252 
   33800   144.106 
   33850   145.246 
   33900   144.199 
   33950   146.294 
   34000   148.328 
   34050   141.181 
   34100   141.459 
   34150   146.815 
   34200   148.157 
   34250   146.797 
   34300   142.424 
   34350   145.974 
   34400   143.561 
   34450   145.984 
   34500   147.351 
   34550   145.311 
   34600   146.210 
   34650   145.708 
   34700   148.000 
   34750   148.977 
   34800   146.718 
   34850   143.410 
   34900   145.983 
   34950   146.984 
   35000   147.518 
   35050   146.087 
   35100   147.318 
   35150   142.594 
   35200   147.180 
   35250   144.388 
   35300   149.278 
   35350   148.914 
   35400   143.181 
   35450   147.800 
   35500   146.191 
   35550   147.959 
   35600   146.649 
   35650   148.050 
   35700   147.466 
   35750   144.867 
   35800   147.894 
   35850   143.057 
   35900   149.805 
   35950   146.894 
   36000   143.884 
   36050   146.435 
   36100   147.283 
   36150   147.273 
   36200   143.908 
   36250   145.123 
   36300   148.819 
   36350   146.602 
   36400   145.094 
   36450   145.264 
   36500   144.788 
   36550   144.856 
   36600   145.082 
   36650   146.400 
   36700   145.947 
   36750   143.743 
   36800   147.187 
   36850   146.798 
   36900   147.576 
   36950   145.152 
   37000   144.139 
   37050   141.861 
   37100   146.005 
   37150   145.828 
   37200   145.433 
   37250   147.652 
   37300   145.216 
   37350   145.179 
   37400   144.561 
   37450   143.461 
   37500   147.416 
   37550   142.638 
   37600   145.420 
   37650   144.452 
   37700   143.329 
   37750   145.864 
   37800   142.132 
   37850   145.034 
   37900   147.656 
   37950   145.436 
   38000   148.696 
   38050   143.002 
   38100   144.904 
   38150   142.035 
   38200   145.277 
   38250   147.897 
   38300   147.211 
   38350   145.595 
   38400   144.795 
   38450   142.712 
   38500   147.164 
   38550   143.494 
   38600   146.627 
   38650   146.135 
   38700   147.014 
   38750   145.339 
   38800   142.255 
   38850   149.459 
   38900   145.347 
   38950   144.358 
   39000   147.502 
   39050   142.585 
   39100   147.005 
   39150   144.609 
   39200   145.991 
   39250   146.120 
   39300   146.604 
   39350   146.138 
   39400   144.777 
   39450   141.996 
   39500   148.776 
   39550   146.638 
   39600   147.139 
   39650   145.061 
   39700   145.644 
   39750   143.375 
   39800   146.757 
   39850   143.971 
   39900   147.306 
   39950   148.787 
   40000   145.718 
   40050   141.427 
   40100   142.074 
   40150   148.883 
   40200   148.430 
   40250   146.504 
   40300   141.605 
   40350   146.185 
   40400   147.229 
   40450   141.459 
   40500   147.899 
   40550   145.745 
   40600   147.242 
   40650   144.410 
   40700   141.685 
   40750   146.578 
   40800   146.870 
   40850   144.639 
   40900   145.017 
   40950   145.892 
   41000   148.658 
   41050   143.109 
   41100   141.951 
   41150   146.390 
   41200   144.108 
   41250   147.943 
   41300   144.122 
   41350   143.262 
   41400   148.609 
   41450   143.315 
   41500   146.808 
   41550   146.028 
   41600   144.598 
   41650   146.447 
   41700   146.774 
   41750   144.637 
   41800   143.757 
   41850   145.369 
   41900   143.573 
   41950   144.824 
   42000   142.729 
   42050   146.437 
   42100   142.454 
   42150   146.653 
   42200   143.625 
   42250   145.332 
   42300   145.437 
   42350   144.148 
   42400   148.839 
   42450   147.027 
   42500   149.763 
   42550   145.880 
   42600   142.270 
   42650   147.652 
   42700   143.875 
   42750   147.077 
   42800   148.482 
   42850   146.933 
   42900   147.729 
   42950   142.625 
   43000   144.045 
   43050   146.900 
   43100   144.440 
   43150   147.459 
   43200   143.965 
   43250   149.240 
   43300   146.947 
   43350   143.383 
   43400   145.960 
   43450   143.086 
   43500   147.003 
   43550   146.237 
   43600   142.901 
   43650   146.602 
   43700   143.643 
   43750   139.713 
   43800   146.387 
   43850   147.343 
   43900   147.815 
   43950   143.806 
   44000   142.702 
   44050   150.270 
   44100   144.587 
   44150   142.209 
   44200   147.905 
   44250   147.757 
   44300   146.329 
   44350   147.638 
   44400   141.873 
   44450   147.266 
   44500   141.762 
   44550   146.833 
   44600   147.320 
   44650   141.659 
   44700   147.948 
   44750   142.988 
   44800   148.995 
   44850   145.496 
   44900   147.236 
   44950   148.226 
   45000   142.908 
   45050   145.724 
   45100   144.564 
   45150   144.625 
   45200   146.510 
   45250   143.086 
   45300   148.353 
   45350   144.224 
   45400   143.055 
   45450   146.845 
   45500   147.223 
   45550   149.520 
   45600   143.481 
   45650   143.018 
   45700   143.029 
   45750   147.086 
   45800   143.696 
   45850   146.656 
   45900   146.456 
   45950   143.657 
   46000   143.662 
   46050   146.088 
   46100   145.500 
   46150   145.907 
   46200   143.638 
   46250   150.148 
   46300   145.950 
   46350   144.702 
   46400   141.806 
   46450   143.557 
   46500   147.834 
   46550   143.758 
   46600   145.037 
   46650   145.442 
   46700   142.110 
   46750   147.684 
   46800   145.622 
   46850   147.745 
   46900   145.890 
   46950   145.703 
   47000   143.055 
   47050   142.579 
   47100   148.706 
   47150   148.331 
   47200   148.115 
   47250   143.074 
   47300   139.831 
   47350   145.277 
   47400   148.281 
   47450   146.464 
   47500   145.401 
   47550   141.511 
   47600   143.510 
   47650   146.376 
   47700   143.959 
   47750   148.144 
   47800   145.277 
   47850   144.677 
   47900   145.396 
   47950   142.856 
   48000   147.565 
   48050   144.472 
   48100   149.180 
   48150   147.440 
   48200   144.679 
   48250   144.250 
   48300   143.456 
   48350   148.013 
   48400   144.328 
   48450   146.668 
   48500   145.093 
   48550   142.543 
   48600   145.836 
   48650   144.123 
   48700   145.045 
   48750   144.301 
   48800   144.537 
   48850   148.542 
   48900   144.795 
   48950   143.767 
   49000   145.822 
   49050   143.826 
   49100   142.924 
   49150   144.455 
   49200   145.340 
   49250   145.096 
   49300   143.808 
   49350   142.383 
   49400   146.469 
   49450   146.878 
   49500   144.469 
   49550   142.632 
   49600   142.841 
   49650   144.245 
   49700   146.339 
   49750   148.273 
   49800   144.097 
   49850   141.887 
   49900   147.703 
   49950   144.192 
   50000   147.807 
   50050   147.610 
   50100   143.308 
   50150   144.574 
   50200   145.932 
   50250   145.297 
   50300   143.408 
   50350   143.793 
   50400   144.023 
   50450   148.800 
   50500   143.862 
   50550   142.919 
   50600   145.051 
   50650   144.972 
   50700   148.851 
   50750   141.723 
   50800   147.930 
   50850   144.923 
   50900   142.369 
   50950   145.352 
   51000   146.555 
   51050   147.586 
   51100   141.158 
   51150   144.652 
   51200   144.554 
   51250   143.576 
   51300   143.616 
   51350   145.513 
   51400   146.340 
   51450   145.499 
   51500   146.441 
   51550   147.236 
   51600   144.207 
   51650   145.112 
   51700   144.276 
   51750   142.597 
   51800   144.820 
   51850   144.609 
   51900   142.136 
   51950   143.593 
   52000   145.914 
   52050   147.770 
   52100   145.103 
   52150   145.881 
   52200   142.856 
   52250   144.342 
   52300   146.329 
   52350   142.644 
   52400   150.407 
   52450   146.116 
   52500   142.272 
   52550   136.875 
   52600   144.485 
   52650   149.058 
   52700   146.357 
   52750   145.043 
   52800   144.930 
   52850   139.655 
   52900   151.246 
   52950   144.139 
   53000   148.009 
   53050   143.825 
   53100   143.317 
   53150   144.413 
   53200   146.135 
   53250   145.252 
   53300   142.287 
   53350   146.203 
   53400   146.328 
   53450   149.093 
   53500   142.367 
   53550   145.037 
   53600   148.543 
   53650   145.252 
   53700   145.902 
   53750   143.052 
   53800   142.166 
   53850   145.838 
   53900   145.288 
   53950   144.837 
   54000   146.187 
   54050   148.829 
   54100   143.338 
   54150   142.444 
   54200   145.063 
   54250   148.658 
   54300   145.660 
   54350   146.590 
   54400   145.702 
   54450   147.303 
   54500   142.939 
   54550   145.865 
   54600   146.395 
   54650   146.098 
   54700   149.622 
   54750   145.852 
   54800   147.422 
   54850   144.844 
   54900   143.840 
   54950   144.313 
   55000   146.229 
   55050   149.720 
   55100   144.679 
   55150   145.504 
   55200   146.651 
   55250   142.781 
   55300   143.706 
   55350   149.372 
   55400   148.670 
   55450   142.153 
   55500   143.569 
   55550   146.721 
   55600   145.635 
   55650   146.879 
   55700   139.354 
   55750   146.363 
   55800   146.606 
   55850   145.446 
   55900   146.135 
   55950   144.584 
   56000   145.568 
   56050   145.227 
   56100   145.473 
   56150   146.189 
   56200   144.319 
   56250   143.282 
   56300   144.809 
   56350   144.328 
   56400   147.238 
   56450   144.067 
   56500   146.228 
   56550   145.008 
   56600   143.157 
   56650   145.707 
   56700   143.784 
   56750   143.581 
   56800   143.402 
   56850   142.375 
   56900   143.668 
   56950   145.320 
   57000   146.095 
   57050   144.841 
   57100   142.599 
   57150   147.880 
   57200   144.142 
   57250   145.744 
   57300   142.006 
   57350   143.183 
   57400   148.325 
   57450   144.342 
   57500   146.454 
   57550   141.213 
   57600   147.240 
   57650   146.225 
   57700   142.352 
   57750   146.097 
   57800   143.574 
   57850   149.502 
   57900   148.784 
   57950   145.583 
   58000   146.616 
   58050   140.951 
   58100   148.552 
   58150   149.552 
   58200   146.887 
   58250   147.448 
   58300   141.139 
   58350   148.799 
   58400   145.553 
   58450   144.654 
   58500   146.255 
   58550   146.878 
   58600   148.472 
   58650   143.371 
   58700   144.502 
   58750   144.530 
   58800   146.512 
   58850   150.321 
   58900   145.243 
   58950   147.269 
   59000   146.397 
   59050   143.573 
   59100   146.133 
   59150   145.205 
   59200   147.245 
   59250   146.546 
   59300   145.922 
   59350   146.407 
   59400   146.581 
   59450   141.932 
   59500   144.287 
   59550   142.204 
   59600   147.234 
   59650   144.923 
   59700   145.533 
   59750   143.585 
   59800   146.601 
   59850   142.472 
   59900   145.836 
   59950   146.634 
   60000   145.179 
   60050   142.317 
   60100   143.586 
   60150   148.148 
   60200   145.612 
   60250   143.778 
   60300   146.216 
   60350   144.417 
   60400   146.399 
   60450   146.115 
   60500   142.677 
   60550   145.403 
   60600   145.460 
   60650   146.349 
   60700   146.460 
   60750   144.639 
   60800   145.331 
   60850   144.843 
   60900   148.634 
   60950   145.582 
   61000   144.738 
   61050   146.631 
   61100   144.969 
   61150   147.149 
   61200   144.200 
   61250   145.065 
   61300   144.947 
   61350   147.421 
   61400   141.351 
   61450   144.572 
   61500   145.457 
   61550   147.633 
   61600   148.178 
   61650   144.926 
   61700   146.412 
   61750   145.598 
   61800   145.598 
   61850   142.892 
   61900   141.985 
   61950   147.522 
   62000   147.128 
   62050   142.372 
   62100   144.654 
   62150   146.873 
   62200   143.627 
   62250   149.260 
   62300   146.280 
   62350   146.056 
   62400   143.912 
   62450   147.715 
   62500   146.410 
   62550   143.264 
   62600   148.173 
   62650   142.890 
   62700   146.449 
   62750   146.296 
   62800   144.195 
   62850   145.455 
   62900   144.198 
   62950   142.503 
   63000   144.115 
   63050   146.366 
   63100   142.565 
   63150   145.157 
   63200   145.653 
   63250   143.861 
   63300   147.710 
   63350   142.415 
   63400   143.369 
   63450   146.477 
   63500   143.179 
   63550   145.849 
   63600   145.063 
   63650   149.236 
   63700   147.822 
   63750   142.546 
   63800   144.504 
   63850   148.979 
   63900   144.802 
   63950   144.692 
   64000   141.627 
   64050   151.765 
   64100   147.226 
   64150   144.071 
   64200   142.925 
   64250   143.593 
   64300   147.911 
   64350   145.686 
   64400   142.678 
   64450   141.893 
   64500   147.593 
   64550   147.427 
   64600   145.442 
   64650   144.822 
   64700   144.108 
   64750   144.792 
   64800   146.691 
   64850   145.684 
   64900   147.328 
   64950   144.285 
   65000   147.819 
   65050   144.066 
   65100   141.993 
   65150   146.582 
   65200   147.573 
   65250   146.921 
   65300   144.284 
   65350   148.148 
   65400   145.526 
   65450   143.070 
   65500   148.318 
   65550   143.740 
   65600   143.647 
   65650   146.609 
   65700   144.813 
   65750   144.113 
   65800   142.913 
   65850   144.089 
   65900   147.584 
   65950   145.361 
   66000   146.451 
   66050   143.079 
   66100   146.420 
   66150   144.676 
   66200   147.834 
   66250   146.129 
   66300   147.471 
   66350   142.375 
   66400   145.770 
   66450   147.376 
   66500   144.809 
   66550   145.866 
   66600   143.519 
   66650   148.235 
   66700   146.958 
   66750   144.417 
   66800   146.476 
   66850   147.602 
   66900   146.795 
   66950   146.157 
   67000   144.854 
   67050   146.343 
   67100   145.976 
   67150   145.980 
   67200   143.633 
   67250   143.909 
   67300   149.067 
   67350   147.427 
   67400   145.519 
   67450   143.825 
   67500   148.856 
   67550   145.344 
   67600   146.210 
   67650   148.577 
   67700   143.513 
   67750   148.285 
   67800   145.855 
   67850   141.316 
   67900   145.982 
   67950   146.081 
   68000   146.130 
   68050   145.728 
   68100   141.216 
   68150   141.957 
   68200   145.631 
   68250   147.360 
   68300   147.346 
   68350   144.631 
   68400   146.554 
   68450   145.131 
   68500   145.483 
   68550   151.464 
   68600   148.966 
   68650   143.679 
   68700   144.565 
   68750   143.653 
   68800   145.446 
   68850   146.604 
   68900   144.770 
   68950   148.261 
   69000   140.770 
   69050   140.820 
   69100   148.342 
   69150   147.609 
   69200   146.853 
   69250   141.426 
   69300   147.597 
   69350   149.755 
   69400   144.210 
   69450   144.780 
   69500   144.623 
   69550   145.796 
   69600   143.994 
   69650   146.173 
   69700   145.559 
   69750   143.169 
   69800   146.947 
   69850   144.747 
   69900   143.149 
   69950   146.997 
   70000   143.593 
   70050   147.104 
   70100   147.049 
   70150   146.083 
   70200   144.085 
   70250   144.348 
   70300   147.989 
   70350   144.252 
   70400   144.747 
   70450   145.650 
   70500   141.603 
   70550   152.118 
   70600   144.682 
   70650   140.524 
   70700   146.402 
   70750   142.901 
   70800   150.489 
   70850   144.795 
   70900   142.542 
   70950   147.601 
   71000   145.056 
   71050   143.830 
   71100   147.084 
   71150   145.990 
   71200   147.008 
   71250   143.138 
   71300   145.862 
   71350   143.716 
   71400   148.634 
   71450   145.684 
   71500   142.244 
   71550   142.798 
   71600   141.564 
   71650   147.703 
   71700   147.613 
   71750   146.719 
   71800   146.589 
   71850   141.552 
   71900   145.593 
   71950   147.037 
   72000   147.677 
   72050   149.305 
   72100   146.139 
   72150   145.395 
   72200   143.462 
   72250   141.362 
   72300   146.946 
   72350   144.250 
   72400   147.521 
   72450   143.898 
   72500   143.694 
   72550   148.001 
   72600   144.869 
   72650   142.913 
   72700   142.893 
   72750   147.786 
   72800   146.990 
   72850   143.279 
   72900   144.000 
   72950   144.429 
   73000   145.702 
   73050   145.146 
   73100   145.470 
   73150   145.924 
   73200   147.283 
   73250   144.316 
   73300   149.498 
   73350   145.254 
   73400   146.227 
   73450   146.646 
   73500   143.714 
   73550   145.460 
   73600   147.038 
   73650   144.259 
   73700   143.792 
   73750   146.097 
   73800   148.393 
   73850   146.139 
   73900   148.848 
   73950   143.474 
   74000   143.900 
   74050   142.389 
   74100   146.289 
   74150   148.254 
   74200   146.563 
   74250   147.516 
   74300   142.291 
   74350   146.237 
   74400   147.351 
   74450   145.747 
   74500   143.015 
   74550   147.393 
   74600   146.972 
   74650   147.313 
   74700   143.777 
   74750   145.247 
   74800   144.945 
   74850   142.211 
   74900   146.805 
   74950   149.142 
   75000   146.341 
   75050   145.162 
   75100   146.653 
   75150   145.806 
   75200   147.156 
   75250   144.773 
   75300   146.159 
   75350   148.361 
   75400   142.047 
   75450   144.481 
   75500   144.682 
   75550   150.697 
   75600   147.685 
   75650   143.695 
   75700   144.278 
   75750   144.489 
   75800   145.279 
   75850   144.568 
   75900   147.443 
   75950   146.347 
   76000   144.756 
   76050   144.318 
   76100   146.947 
   76150   147.195 
   76200   143.650 
   76250   143.140 
   76300   146.006 
   76350   147.373 
   76400   145.611 
   76450   148.448 
   76500   143.405 
   76550   148.682 
   76600   141.879 
   76650   144.207 
   76700   148.450 
   76750   146.050 
   76800   147.134 
   76850   144.163 
   76900   144.349 
   76950   143.597 
   77000   145.743 
   77050   144.599 
   77100   144.008 
   77150   144.625 
   77200   143.975 
   77250   144.053 
   77300   147.316 
   77350   142.156 
   77400   143.802 
   77450   145.616 
   77500   142.385 
   77550   145.303 
   77600   150.630 
   77650   143.364 
   77700   146.538 
   77750   142.779 
   77800   147.496 
   77850   147.605 
   77900   141.707 
   77950   147.916 
   78000   145.960 
   78050   143.478 
   78100   143.798 
   78150   143.639 
   78200   151.012 
   78250   142.650 
   78300   148.210 
   78350   147.023 
   78400   142.913 
   78450   145.554 
   78500   142.234 
   78550   147.822 
   78600   148.434 
   78650   146.936 
   78700   143.860 
   78750   143.513 
   78800   144.434 
   78850   148.299 
   78900   149.556 
   78950   148.108 
   79000   144.616 
   79050   142.830 
   79100   143.963 
   79150   146.956 
   79200   147.643 
   79250   145.484 
   79300   144.046 
   79350   146.472 
   79400   144.548 
   79450   149.778 
   79500   147.230 
   79550   144.029 
   79600   145.871 
   79650   143.814 
   79700   148.286 
   79750   143.609 
   79800   144.979 
   79850   148.227 
   79900   142.573 
   79950   148.606 
   80000   147.516 
   80050   141.452 
   80100   146.481 
   80150   140.918 
   80200   150.402 
   80250   146.603 
   80300   142.657 
   80350   146.058 
   80400   142.434 
   80450   143.438 
   80500   144.167 
   80550   148.797 
   80600   145.727 
   80650   141.526 
   80700   146.542 
   80750   144.970 
   80800   146.287 
   80850   146.052 
   80900   147.845 
   80950   150.296 
   81000   144.118 
   81050   144.883 
   81100   142.167 
   81150   145.451 
   81200   147.333 
   81250   150.536 
   81300   144.210 
   81350   143.174 
   81400   145.067 
   81450   146.195 
   81500   146.104 
   81550   142.948 
   81600   144.902 
   81650   148.057 
   81700   143.845 
   81750   144.998 
   81800   146.089 
   81850   142.839 
   81900   142.502 
   81950   147.460 
   82000   148.214 
   82050   144.187 
   82100   139.891 
   82150   142.906 
   82200   146.591 
   82250   148.454 
   82300   147.786 
   82350   147.514 
   82400   140.371 
   82450   144.492 
   82500   144.216 
   82550   144.412 
   82600   147.000 
   82650   148.592 
   82700   146.098 
   82750   141.632 
   82800   142.785 
   82850   145.407 
   82900   144.633 
   82950   146.810 
   83000   146.887 
   83050   144.792 
   83100   147.013 
   83150   145.118 
   83200   144.026 
   83250   148.373 
   83300   143.774 
   83350   149.100 
   83400   147.934 
   83450   145.023 
   83500   141.247 
   83550   145.726 
   83600   146.599 
   83650   147.468 
   83700   150.101 
   83750   148.637 
   83800   144.169 
   83850   143.285 
   83900   143.526 
   83950   148.693 
   84000   147.358 
   84050   146.582 
   84100   144.875 
   84150   144.176 
   84200   146.141 
   84250   146.936 
   84300   144.333 
   84350   147.946 
   84400   145.121 
   84450   142.473 
   84500   145.190 
   84550   147.100 
   84600   146.634 
   84650   142.285 
   84700   143.440 
   84750   144.657 
   84800   146.482 
   84850   146.350 
   84900   147.371 
   84950   143.388 
   85000   142.085 
   85050   142.303 
   85100   146.878 
   85150   149.797 
   85200   144.667 
   85250   144.065 
   85300   144.073 
   85350   143.924 
   85400   145.803 
   85450   147.799 
   85500   146.751 
   85550   142.216 
   85600   145.357 
   85650   146.248 
   85700   143.801 
   85750   144.278 
   85800   145.670 
   85850   145.046 
   85900   149.518 
   85950   148.843 
   86000   148.725 
   86050   143.557 
   86100   141.979 
   86150   147.849 
   86200   148.674 
   86250   146.356 
   86300   144.757 
   86350   143.040 
   86400   149.731 
   86450   145.460 
   86500   144.048 
   86550   146.775 
   86600   146.479 
   86650   148.877 
   86700   143.777 
   86750   141.363 
   86800   143.511 
   86850   144.984 
   86900   149.171 
   86950   143.117 
   87000   148.294 
   87050   145.362 
   87100   140.565 
   87150   149.385 
   87200   147.121 
   87250   148.097 
   87300   143.718 
   87350   141.870 
   87400   147.092 
   87450   147.370 
   87500   145.907 
   87550   142.757 
   87600   144.867 
   87650   148.753 
   87700   141.952 
   87750   144.555 
   87800   145.181 
   87850   144.221 
   87900   145.603 
   87950   141.411 
   88000   148.627 
   88050   143.690 
   88100   140.507 
   88150   148.001 
   88200   140.991 
   88250   148.764 
   88300   142.342 
   88350   145.557 
   88400   147.055 
   88450   143.210 
   88500   146.315 
   88550   142.605 
   88600   143.905 
   88650   148.146 
   88700   147.237 
   88750   145.932 
   88800   139.888 
   88850   147.137 
   88900   148.004 
   88950   145.181 
   89000   145.626 
   89050   145.217 
   89100   146.839 
   89150   145.913 
   89200   147.914 
   89250   143.632 
   89300   143.135 
   89350   147.847 
   89400   144.265 
   89450   148.612 
   89500   146.010 
   89550   145.625 
   89600   141.679 
   89650   142.545 
   89700   147.006 
   89750   147.475 
   89800   144.900 
   89850   144.590 
   89900   145.110 
   89950   143.277 
   90000   146.540 
   90050   146.177 
   90100   145.718 
   90150   142.700 
   90200   141.480 
   90250   145.164 
   90300   146.452 
   90350   149.862 
   90400   144.962 
   90450   144.833 
   90500   145.968 
   90550   143.265 
   90600   148.307 
   90650   149.546 
   90700   141.487 
   90750   141.561 
   90800   147.162 
   90850   147.117 
   90900   148.153 
   90950   148.509 
   91000   144.992 
   91050   142.913 
   91100   145.574 
   91150   144.939 
   91200   146.092 
   91250   142.080 
   91300   145.484 
   91350   148.429 
   91400   145.247 
   91450   146.879 
   91500   144.539 
   91550   143.903 
   91600   145.477 
   91650   148.454 
   91700   144.466 
   91750   142.195 
   91800   146.615 
   91850   147.314 
   91900   146.741 
   91950   143.210 
   92000   143.960 
   92050   146.051 
   92100   144.336 
   92150   145.833 
   92200   145.243 
   92250   145.730 
   92300   147.748 
   92350   140.456 
   92400   144.762 
   92450   146.521 
   92500   142.750 
   92550   147.588 
   92600   143.780 
   92650   140.508 
   92700   146.904 
   92750   144.811 
   92800   142.811 
   92850   146.565 
   92900   143.365 
   92950   145.467 
   93000   147.067 
   93050   145.210 
   93100   145.483 
   93150   145.707 
   93200   146.630 
   93250   142.911 
   93300   146.097 
   93350   146.506 
   93400   144.911 
   93450   146.650 
   93500   147.480 
   93550   142.792 
   93600   146.621 
   93650   145.902 
   93700   148.562 
   93750   143.599 
   93800   145.233 
   93850   140.346 
   93900   147.356 
   93950   148.513 
   94000   143.068 
   94050   148.097 
   94100   144.061 
   94150   142.722 
   94200   144.777 
   94250   140.738 
   94300   148.402 
   94350   144.917 
   94400   147.759 
   94450   144.548 
   94500   147.689 
   94550   146.895 
   94600   142.636 
   94650   147.808 
   94700   146.008 
   94750   144.712 
   94800   148.551 
   94850   141.266 
   94900   148.591 
   94950   145.725 
   95000   146.722 
   95050   148.616 
   95100   146.323 
   95150   144.983 
   95200   143.704 
   95250   146.829 
   95300   144.105 
   95350   144.159 
   95400   146.117 
   95450   147.681 
   95500   147.680 
   95550   145.083 
   95600   144.378 
   95650   144.260 
   95700   146.828 
   95750   151.609 
   95800   141.388 
   95850   149.442 
   95900   144.599 
   95950   146.221 
   96000   144.535 
   96050   146.127 
   96100   147.345 
   96150   141.582 
   96200   148.102 
   96250   143.639 
   96300   146.459 
   96350   143.615 
   96400   147.662 
   96450   147.938 
   96500   143.150 
   96550   144.225 
   96600   143.629 
   96650   147.225 
   96700   146.518 
   96750   144.193 
   96800   146.985 
   96850   145.899 
   96900   146.785 
   96950   145.681 
   97000   142.361 
   97050   149.621 
   97100   145.160 
   97150   147.285 
   97200   143.911 
   97250   146.616 
   97300   144.094 
   97350   144.054 
   97400   147.911 
   97450   148.828 
   97500   144.803 
   97550   142.164 
   97600   147.515 
   97650   146.091 
   97700   143.697 
   97750   146.689 
   97800   141.427 
   97850   145.072 
   97900   143.433 
   97950   147.437 
   98000   146.823 
   98050   142.875 
   98100   144.706 
   98150   142.559 
   98200   148.095 
   98250   148.142 
   98300   146.379 
   98350   147.842 
   98400   143.559 
   98450   144.896 
   98500   142.206 
   98550   148.830 
   98600   146.645 
   98650   147.120 
   98700   145.082 
   98750   140.426 
   98800   146.928 
   98850   146.819 
   98900   147.998 
   98950   148.508 
   99000   142.637 
   99050   146.351 
   99100   141.342 
   99150   146.684 
   99200   147.851 
   99250   143.718 
   99300   145.799 
   99350   144.367 
   99400   142.786 
   99450   143.303 
   99500   144.348 
   99550   144.422 
   99600   146.893 
   99650   144.263 
   99700   145.551 
   99750   144.652 
   99800   148.531 
   99850   145.935 
   99900   143.727 
   99950   144.755 
