       0   154.854 
      50   158.054 
     100   160.178 
     150   156.594 
     200   157.443 
     250   155.116 
     300   154.809 
     350   156.586 
     400   155.375 
     450   160.345 
     500   155.983 
     550   155.676 
     600   155.135 
     650   155.910 
     700   158.600 
     750   157.995 
     800   156.130 
     850   157.374 
     900   158.185 
     950   156.113 
    1000   153.964 
    1050   154.336 
    1100   157.574 
    1150   156.667 
    1200   155.435 
    1250   152.571 
    1300   157.190 
    1350   155.164 
    1400   156.796 
    1450   155.811 
    1500   156.003 
    1550   155.175 
    1600   153.566 
    1650   159.357 
    1700   157.348 
    1750   160.258 
    1800   155.567 
    1850   157.044 
    1900   154.492 
    1950   153.832 
    2000   158.270 
    2050   158.219 
    2100   159.204 
    2150   155.968 
    2200   157.935 
    2250   153.324 
    2300   153.475 
    2350   153.143 
    2400   158.037 
    2450   158.929 
    2500   156.846 
    2550   156.207 
    2600   155.109 
    2650   157.544 
    2700   155.079 
    2750   158.651 
    2800   156.203 
    2850   159.276 
    2900   158.408 
    2950   157.581 
    3000   159.150 
    3050   158.647 
    3100   156.698 
    3150   159.480 
    3200   155.266 
    3250   155.676 
    3300   157.633 
    3350   157.870 
    3400   156.944 
    3450   157.938 
    3500   161.030 
    3550   157.005 
    3600   154.780 
    3650   158.147 
    3700   161.445 
    3750   158.218 
    3800   156.556 
    3850   157.935 
    3900   157.412 
    3950   156.539 
    4000   157.731 
    4050   157.519 
    4100   156.073 
    4150   157.768 
    4200   157.654 
    4250   155.390 
    4300   158.646 
    4350   157.005 
    4400   156.492 
    4450   157.115 
    4500   155.289 
    4550   159.354 
    4600   153.654 
    4650   156.642 
    4700   159.033 
    4750   158.316 
    4800   156.347 
    4850   158.201 
    4900   159.442 
    4950   159.077 
    5000   158.020 
    5050   156.380 
    5100   154.947 
    5150   157.072 
    5200   156.684 
    5250   157.813 
    5300   158.447 
    5350   157.384 
    5400   155.316 
    5450   156.413 
    5500   159.066 
    5550   159.843 
    5600   157.802 
    5650   155.228 
    5700   158.729 
    5750   154.863 
    5800   156.212 
    5850   155.664 
    5900   152.911 
    5950   160.506 
    6000   158.104 
    6050   160.953 
    6100   154.313 
    6150   155.810 
    6200   159.286 
    6250   158.512 
    6300   157.080 
    6350   157.805 
    6400   159.460 
    6450   158.032 
    6500   161.050 
    6550   155.896 
    6600   153.129 
    6650   154.970 
    6700   161.679 
    6750   156.817 
    6800   157.516 
    6850   158.482 
    6900   156.236 
    6950   156.531 
    7000   156.404 
    7050   156.669 
    7100   154.576 
    7150   159.647 
    7200   156.566 
    7250   156.822 
    7300   159.053 
    7350   154.852 
    7400   160.138 
    7450   156.525 
    7500   155.001 
    7550   155.774 
    7600   154.894 
    7650   157.467 
    7700   158.739 
    7750   158.290 
    7800   155.122 
    7850   154.487 
    7900   156.302 
    7950   157.719 
    8000   156.284 
    8050   154.982 
    8100   157.176 
    8150   158.245 
    8200   156.850 
    8250   158.254 
    8300   158.380 
    8350   155.899 
    8400   155.704 
    8450   159.069 
    8500   157.729 
    8550   158.401 
    8600   155.464 
    8650   157.131 
    8700   156.032 
    8750   156.282 
    8800   157.831 
    8850   159.747 
    8900   159.038 
    8950   152.865 
    9000   158.373 
    9050   158.671 
    9100   159.320 
    9150   156.393 
    9200   162.547 
    9250   155.912 
    9300   157.535 
    9350   157.947 
    9400   155.416 
    9450   156.944 
    9500   155.116 
    9550   156.468 
    9600   159.911 
    9650   157.543 
    9700   156.187 
    9750   155.442 
    9800   153.577 
    9850   157.852 
    9900   161.246 
    9950   153.560 
   10000   157.053 
   10050   156.306 
   10100   157.696 
   10150   160.042 
   10200   154.076 
   10250   158.714 
   10300   157.801 
   10350   156.485 
   10400   158.721 
   10450   155.662 
   10500   159.774 
   10550   157.661 
   10600   155.144 
   10650   157.775 
   10700   159.876 
   10750   160.131 
   10800   156.015 
   10850   157.238 
   10900   155.556 
   10950   157.827 
   11000   157.864 
   11050   156.794 
   11100   157.172 
   11150   155.716 
   11200   158.012 
   11250   157.006 
   11300   153.480 
   11350   156.801 
   11400   158.696 
   11450   157.175 
   11500   153.495 
   11550   157.605 
   11600   158.283 
   11650   157.176 
   11700   154.361 
   11750   157.505 
   11800   159.372 
   11850   158.367 
   11900   158.959 
   11950   157.684 
   12000   158.781 
   12050   154.172 
   12100   154.772 
   12150   157.714 
   12200   158.267 
   12250   157.986 
   12300   155.929 
   12350   160.069 
   12400   155.632 
   12450   158.989 
   12500   158.066 
   12550   154.387 
   12600   158.895 
   12650   159.357 
   12700   156.504 
   12750   155.881 
   12800   157.989 
   12850   157.474 
   12900   156.003 
   12950   156.665 
   13000   162.372 
   13050   152.485 
   13100   155.367 
   13150   157.718 
   13200   156.683 
   13250   152.926 
   13300   155.104 
   13350   158.937 
   13400   156.750 
   13450   152.164 
   13500   159.462 
   13550   154.669 
   13600   154.228 
   13650   158.359 
   13700   160.438 
   13750   157.122 
   13800   155.296 
   13850   153.886 
   13900   159.701 
   13950   154.040 
   14000   158.679 
   14050   158.727 
   14100   154.362 
   14150   156.309 
   14200   158.459 
   14250   157.142 
   14300   156.413 
   14350   155.251 
   14400   154.738 
   14450   156.834 
   14500   154.400 
   14550   159.592 
   14600   157.399 
   14650   155.810 
   14700   159.834 
   14750   156.882 
   14800   158.137 
   14850   158.204 
   14900   157.336 
   14950   156.733 
   15000   156.430 
   15050   157.681 
   15100   157.367 
   15150   153.535 
   15200   155.315 
   15250   160.267 
   15300   155.635 
   15350   156.434 
   15400   156.147 
   15450   156.945 
   15500   158.410 
   15550   156.675 
   15600   161.683 
   15650   158.389 
   15700   157.225 
   15750   158.811 
   15800   158.158 
   15850   157.534 
   15900   157.089 
   15950   159.653 
   16000   157.768 
   16050   157.389 
   16100   158.331 
   16150   156.150 
   16200   158.674 
   16250   154.202 
   16300   157.482 
   16350   158.938 
   16400   158.790 
   16450   157.440 
   16500   159.308 
   16550   154.352 
   16600   158.449 
   16650   154.861 
   16700   159.686 
   16750   158.177 
   16800   158.858 
   16850   158.421 
   16900   155.189 
   16950   159.786 
   17000   157.756 
   17050   154.899 
   17100   155.154 
   17150   156.402 
   17200   155.368 
   17250   154.947 
   17300   155.820 
   17350   159.900 
   17400   159.456 
   17450   156.547 
   17500   153.565 
   17550   154.508 
   17600   158.379 
   17650   157.706 
   17700   157.475 
   17750   155.235 
   17800   158.393 
   17850   154.994 
   17900   155.034 
   17950   158.953 
   18000   161.769 
   18050   159.636 
   18100   151.433 
   18150   155.313 
   18200   158.748 
   18250   159.744 
   18300   152.588 
   18350   156.971 
   18400   157.634 
   18450   156.346 
   18500   156.512 
   18550   152.184 
   18600   160.277 
   18650   157.914 
   18700   155.958 
   18750   158.531 
   18800   155.259 
   18850   158.399 
   18900   158.448 
   18950   157.503 
   19000   157.978 
   19050   156.299 
   19100   159.209 
   19150   157.982 
   19200   154.848 
   19250   153.813 
   19300   158.470 
   19350   159.055 
   19400   156.897 
   19450   154.914 
   19500   155.647 
   19550   155.871 
   19600   159.957 
   19650   156.760 
   19700   157.911 
   19750   156.066 
   19800   154.202 
   19850   157.455 
   19900   158.546 
   19950   160.571 
   20000   158.684 
   20050   152.703 
   20100   156.162 
   20150   158.343 
   20200   159.236 
   20250   158.852 
   20300   157.086 
   20350   159.322 
   20400   156.897 
   20450   156.571 
   20500   154.052 
   20550   153.639 
   20600   156.735 
   20650   156.028 
   20700   152.482 
   20750   154.913 
   20800   154.644 
   20850   157.632 
   20900   154.917 
   20950   156.556 
   21000   158.255 
   21050   154.277 
   21100   158.764 
   21150   156.526 
   21200   158.367 
   21250   155.416 
   21300   157.607 
   21350   159.947 
   21400   153.988 
   21450   158.222 
   21500   154.031 
   21550   156.046 
   21600   160.113 
   21650   156.161 
   21700   157.794 
   21750   150.612 
   21800   159.543 
   21850   158.671 
   21900   157.926 
   21950   156.937 
   22000   154.661 
   22050   158.533 
   22100   158.100 
   22150   157.138 
   22200   156.727 
   22250   155.825 
   22300   159.723 
   22350   157.940 
   22400   157.495 
   22450   155.741 
   22500   156.712 
   22550   155.008 
   22600   153.211 
   22650   159.515 
   22700   156.892 
   22750   157.959 
   22800   157.666 
   22850   157.051 
   22900   161.995 
   22950   156.751 
   23000   156.374 
   23050   157.683 
   23100   155.465 
   23150   162.009 
   23200   154.227 
   23250   157.133 
   23300   157.955 
   23350   154.163 
   23400   157.858 
   23450   154.182 
   23500   158.244 
   23550   154.489 
   23600   157.695 
   23650   155.102 
   23700   157.706 
   23750   152.957 
   23800   154.728 
   23850   157.567 
   23900   156.071 
   23950   156.816 
   24000   154.559 
   24050   160.991 
   24100   158.031 
   24150   153.633 
   24200   152.927 
   24250   155.147 
   24300   160.650 
   24350   157.986 
   24400   159.078 
   24450   159.360 
   24500   157.802 
   24550   152.019 
   24600   156.472 
   24650   159.331 
   24700   157.755 
   24750   155.262 
   24800   159.450 
   24850   156.693 
   24900   156.205 
   24950   155.385 
   25000   154.863 
   25050   157.121 
   25100   153.554 
   25150   158.087 
   25200   156.812 
   25250   155.335 
   25300   155.049 
   25350   154.757 
   25400   157.833 
   25450   157.053 
   25500   156.338 
   25550   159.761 
   25600   155.281 
   25650   156.371 
   25700   154.551 
   25750   159.282 
   25800   159.726 
   25850   155.691 
   25900   157.540 
   25950   155.308 
   26000   155.205 
   26050   157.097 
   26100   154.785 
   26150   158.321 
   26200   152.130 
   26250   153.289 
   26300   157.771 
   26350   156.790 
   26400   156.181 
   26450   153.340 
   26500   157.482 
   26550   155.884 
   26600   159.249 
   26650   154.893 
   26700   157.129 
   26750   158.901 
   26800   153.147 
   26850   158.530 
   26900   158.378 
   26950   154.484 
   27000   157.106 
   27050   156.948 
   27100   159.031 
   27150   156.329 
   27200   156.927 
   27250   155.237 
   27300   158.830 
   27350   159.762 
   27400   156.946 
   27450   153.066 
   27500   155.149 
   27550   155.934 
   27600   158.801 
   27650   158.286 
   27700   155.721 
   27750   153.498 
   27800   155.547 
   27850   156.681 
   27900   159.007 
   27950   153.754 
   28000   159.840 
   28050   160.313 
   28100   156.360 
   28150   156.032 
   28200   158.958 
   28250   155.292 
   28300   155.810 
   28350   157.168 
   28400   159.520 
   28450   161.639 
   28500   152.948 
   28550   154.285 
   28600   158.967 
   28650   154.846 
   28700   155.101 
   28750   157.971 
   28800   161.343 
   28850   154.197 
   28900   152.471 
   28950   155.453 
   29000   158.109 
   29050   155.309 
   29100   156.508 
   29150   160.007 
   29200   157.050 
   29250   154.033 
   29300   153.621 
   29350   160.837 
   29400   158.853 
   29450   155.389 
   29500   155.794 
   29550   156.310 
   29600   158.665 
   29650   155.365 
   29700   158.614 
   29750   157.720 
   29800   157.664 
   29850   159.224 
   29900   156.027 
   29950   158.683 
   30000   156.186 
   30050   156.438 
   30100   153.877 
   30150   157.479 
   30200   158.396 
   30250   154.953 
   30300   154.828 
   30350   162.578 
   30400   156.055 
   30450   156.111 
   30500   153.631 
   30550   157.932 
   30600   156.645 
   30650   155.827 
   30700   160.802 
   30750   157.828 
   30800   155.422 
   30850   153.695 
   30900   156.360 
   30950   158.471 
   31000   157.965 
   31050   152.352 
   31100   158.908 
   31150   153.066 
   31200   155.681 
   31250   154.815 
   31300   155.967 
   31350   157.440 
   31400   153.640 
   31450   154.902 
   31500   156.926 
   31550   156.792 
   31600   155.426 
   31650   157.992 
   31700   159.533 
   31750   154.875 
   31800   156.543 
   31850   158.551 
   31900   157.173 
   31950   159.954 
   32000   155.882 
   32050   154.884 
   32100   156.215 
   32150   154.529 
   32200   156.265 
   32250   156.882 
   32300   157.070 
   32350   157.529 
   32400   155.033 
   32450   156.438 
   32500   152.266 
   32550   155.495 
   32600   156.732 
   32650   157.443 
   32700   155.450 
   32750   154.253 
   32800   158.380 
   32850   157.354 
   32900   153.333 
   32950   157.357 
   33000   157.006 
   33050   158.479 
   33100   155.534 
   33150   159.470 
   33200   159.553 
   33250   157.615 
   33300   155.753 
   33350   156.389 
   33400   154.690 
   33450   156.607 
   33500   159.926 
   33550   158.487 
   33600   158.905 
   33650   153.323 
   33700   157.509 
   33750   153.639 
   33800   160.113 
   33850   155.810 
   33900   154.507 
   33950   156.968 
   34000   156.918 
   34050   155.800 
   34100   158.157 
   34150   156.763 
   34200   156.929 
   34250   157.793 
   34300   159.569 
   34350   156.352 
   34400   156.717 
   34450   157.548 
   34500   157.097 
   34550   159.521 
   34600   157.644 
   34650   156.781 
   34700   155.426 
   34750   154.424 
   34800   156.882 
   34850   160.072 
   34900   156.037 
   34950   154.170 
   35000   157.497 
   35050   156.620 
   35100   157.059 
   35150   158.021 
   35200   156.856 
   35250   157.758 
   35300   155.291 
   35350   158.874 
   35400   154.173 
   35450   155.185 
   35500   154.097 
   35550   160.392 
   35600   161.929 
   35650   154.507 
   35700   157.269 
   35750   157.684 
   35800   157.706 
   35850   158.358 
   35900   158.548 
   35950   158.489 
   36000   156.131 
   36050   158.020 
   36100   156.664 
   36150   154.550 
   36200   157.563 
   36250   154.413 
   36300   161.165 
   36350   157.244 
   36400   155.993 
   36450   154.697 
   36500   153.363 
   36550   158.236 
   36600   157.912 
   36650   157.258 
   36700   158.657 
   36750   154.888 
   36800   158.114 
   36850   152.186 
   36900   156.352 
   36950   155.955 
   37000   157.594 
   37050   158.539 
   37100   156.030 
   37150   162.160 
   37200   153.530 
   37250   156.072 
   37300   155.252 
   37350   154.777 
   37400   158.148 
   37450   154.553 
   37500   157.401 
   37550   156.762 
   37600   150.921 
   37650   159.572 
   37700   152.595 
   37750   155.898 
   37800   157.038 
   37850   156.178 
   37900   161.199 
   37950   154.118 
   38000   154.303 
   38050   155.321 
   38100   159.985 
   38150   158.518 
   38200   160.165 
   38250   158.814 
   38300   153.391 
   38350   154.573 
   38400   156.786 
   38450   161.162 
   38500   160.168 
   38550   154.514 
   38600   156.988 
   38650   158.750 
   38700   154.696 
   38750   153.958 
   38800   159.048 
   38850   160.443 
   38900   160.199 
   38950   150.634 
   39000   154.522 
   39050   156.533 
   39100   158.064 
   39150   159.591 
   39200   152.379 
   39250   161.154 
   39300   156.195 
   39350   157.672 
   39400   157.148 
   39450   157.344 
   39500   159.268 
   39550   155.064 
   39600   155.982 
   39650   157.647 
   39700   155.146 
   39750   154.976 
   39800   153.824 
   39850   158.990 
   39900   157.742 
   39950   153.199 
   40000   156.983 
   40050   151.255 
   40100   162.456 
   40150   158.662 
   40200   155.031 
   40250   157.843 
   40300   155.818 
   40350   157.674 
   40400   160.026 
   40450   157.997 
   40500   159.021 
   40550   159.114 
   40600   157.371 
   40650   156.203 
   40700   162.301 
   40750   159.964 
   40800   156.795 
   40850   156.492 
   40900   156.924 
   40950   159.566 
   41000   153.181 
   41050   157.845 
   41100   153.833 
   41150   154.975 
   41200   156.836 
   41250   155.640 
   41300   160.269 
   41350   158.386 
   41400   155.342 
   41450   153.165 
   41500   158.705 
   41550   157.658 
   41600   158.164 
   41650   157.138 
   41700   158.443 
   41750   154.912 
   41800   159.109 
   41850   155.621 
   41900   155.557 
   41950   158.904 
   42000   155.030 
   42050   158.156 
   42100   155.440 
   42150   160.150 
   42200   154.881 
   42250   154.093 
   42300   154.210 
   42350   156.110 
   42400   158.930 
   42450   159.725 
   42500   154.552 
   42550   153.739 
   42600   160.129 
   42650   156.985 
   42700   157.801 
   42750   156.959 
   42800   156.788 
   42850   158.311 
   42900   157.761 
   42950   156.239 
   43000   154.114 
   43050   155.916 
   43100   158.670 
   43150   158.697 
   43200   157.702 
   43250   153.338 
   43300   156.884 
   43350   158.262 
   43400   153.916 
   43450   159.894 
   43500   161.183 
   43550   155.275 
   43600   156.606 
   43650   156.793 
   43700   158.987 
   43750   158.347 
   43800   154.956 
   43850   162.517 
   43900   159.866 
   43950   156.279 
   44000   155.421 
   44050   154.885 
   44100   159.583 
   44150   158.502 
   44200   158.245 
   44250   159.070 
   44300   154.988 
   44350   158.892 
   44400   161.394 
   44450   155.739 
   44500   159.513 
   44550   154.144 
   44600   158.874 
   44650   153.236 
   44700   155.676 
   44750   163.390 
   44800   157.393 
   44850   156.026 
   44900   158.460 
   44950   158.357 
   45000   156.364 
   45050   154.902 
   45100   158.623 
   45150   158.137 
   45200   156.352 
   45250   161.788 
   45300   156.370 
   45350   158.841 
   45400   159.681 
   45450   154.100 
   45500   156.301 
   45550   157.277 
   45600   158.279 
   45650   156.677 
   45700   156.960 
   45750   156.784 
   45800   157.804 
   45850   155.457 
   45900   156.645 
   45950   155.533 
   46000   156.580 
   46050   155.035 
   46100   159.615 
   46150   158.134 
   46200   155.168 
   46250   157.083 
   46300   157.554 
   46350   156.953 
   46400   159.008 
   46450   157.235 
   46500   155.748 
   46550   154.105 
   46600   155.914 
   46650   159.633 
   46700   154.021 
   46750   161.252 
   46800   158.704 
   46850   152.595 
   46900   155.661 
   46950   154.824 
   47000   159.496 
   47050   155.955 
   47100   157.953 
   47150   159.874 
   47200   154.338 
   47250   156.897 
   47300   155.856 
   47350   157.764 
   47400   160.813 
   47450   153.754 
   47500   156.758 
   47550   156.353 
   47600   156.407 
   47650   157.413 
   47700   156.541 
   47750   161.451 
   47800   155.940 
   47850   150.907 
   47900   156.192 
   47950   157.106 
   48000   160.356 
   48050   157.896 
   48100   153.877 
   48150   158.681 
   48200   153.139 
   48250   155.900 
   48300   157.525 
   48350   158.729 
   48400   158.601 
   48450   154.607 
   48500   153.739 
   48550   155.110 
   48600   155.831 
   48650   155.911 
   48700   159.531 
   48750   160.724 
   48800   158.034 
   48850   152.615 
   48900   156.578 
   48950   159.400 
   49000   157.713 
   49050   155.582 
   49100   158.939 
   49150   155.515 
   49200   158.488 
   49250   149.973 
   49300   157.070 
   49350   155.705 
   49400   160.660 
   49450   157.788 
   49500   154.998 
   49550   153.530 
   49600   156.954 
   49650   158.584 
   49700   158.378 
   49750   155.969 
   49800   156.143 
   49850   157.496 
   49900   154.922 
   49950   157.700 
   50000   156.020 
   50050   154.549 
   50100   154.142 
   50150   154.188 
   50200   160.919 
   50250   156.555 
   50300   157.006 
   50350   153.653 
   50400   154.142 
   50450   158.957 
   50500   154.892 
   50550   155.641 
   50600   157.472 
   50650   155.289 
   50700   158.403 
   50750   156.548 
   50800   156.752 
   50850   156.930 
   50900   158.938 
   50950   153.944 
   51000   156.234 
   51050   155.538 
   51100   159.014 
   51150   156.305 
   51200   156.407 
   51250   157.650 
   51300   156.527 
   51350   156.532 
   51400   156.538 
   51450   157.583 
   51500   160.808 
   51550   157.182 
   51600   154.137 
   51650   155.209 
   51700   160.928 
   51750   158.121 
   51800   154.470 
   51850   160.139 
   51900   156.983 
   51950   157.483 
   52000   157.767 
   52050   158.289 
   52100   159.238 
   52150   155.425 
   52200   160.049 
   52250   159.832 
   52300   156.004 
   52350   158.829 
   52400   156.588 
   52450   160.007 
   52500   157.807 
   52550   153.879 
   52600   159.716 
   52650   154.521 
   52700   157.741 
   52750   156.723 
   52800   157.300 
   52850   157.618 
   52900   154.149 
   52950   156.941 
   53000   158.590 
   53050   152.725 
   53100   158.054 
   53150   160.047 
   53200   153.325 
   53250   154.586 
   53300   156.941 
   53350   161.296 
   53400   158.661 
   53450   156.065 
   53500   157.811 
   53550   157.578 
   53600   156.178 
   53650   155.145 
   53700   155.842 
   53750   160.128 
   53800   155.684 
   53850   155.365 
   53900   157.176 
   53950   156.332 
   54000   158.083 
   54050   156.871 
   54100   157.463 
   54150   157.443 
   54200   156.816 
   54250   156.638 
   54300   154.554 
   54350   155.871 
   54400   157.070 
   54450   156.214 
   54500   158.349 
   54550   151.496 
   54600   154.042 
   54650   155.289 
   54700   155.395 
   54750   157.450 
   54800   153.435 
   54850   155.772 
   54900   160.226 
   54950   154.068 
   55000   156.036 
   55050   158.057 
   55100   156.694 
   55150   155.208 
   55200   157.379 
   55250   159.921 
   55300   156.502 
   55350   156.793 
   55400   157.338 
   55450   157.153 
   55500   160.510 
   55550   157.590 
   55600   156.217 
   55650   157.498 
   55700   156.249 
   55750   161.041 
   55800   156.109 
   55850   154.451 
   55900   158.489 
   55950   159.063 
   56000   159.075 
   56050   156.256 
   56100   151.980 
   56150   158.668 
   56200   156.050 
   56250   154.485 
   56300   157.507 
   56350   156.093 
   56400   158.290 
   56450   152.181 
   56500   159.126 
   56550   157.117 
   56600   155.606 
   56650   157.295 
   56700   156.520 
   56750   157.364 
   56800   154.032 
   56850   160.468 
   56900   159.778 
   56950   154.280 
   57000   155.962 
   57050   157.115 
   57100   156.477 
   57150   156.645 
   57200   159.447 
   57250   158.430 
   57300   156.241 
   57350   160.667 
   57400   154.150 
   57450   160.208 
   57500   155.968 
   57550   155.003 
   57600   156.997 
   57650   155.359 
   57700   159.920 
   57750   154.531 
   57800   151.836 
   57850   156.808 
   57900   151.239 
   57950   159.886 
   58000   157.376 
   58050   153.850 
   58100   159.990 
   58150   151.632 
   58200   155.574 
   58250   155.609 
   58300   154.105 
   58350   159.817 
   58400   155.046 
   58450   161.222 
   58500   158.834 
   58550   150.397 
   58600   155.648 
   58650   157.441 
   58700   163.233 
   58750   157.525 
   58800   153.304 
   58850   156.710 
   58900   157.996 
   58950   164.790 
   59000   155.161 
   59050   157.152 
   59100   159.741 
   59150   155.746 
   59200   157.205 
   59250   156.652 
   59300   158.682 
   59350   156.810 
   59400   154.062 
   59450   157.924 
   59500   155.727 
   59550   160.380 
   59600   157.851 
   59650   154.175 
   59700   159.585 
   59750   154.658 
   59800   154.626 
   59850   156.627 
   59900   156.458 
   59950   161.552 
   60000   152.867 
   60050   158.026 
   60100   161.501 
   60150   159.680 
   60200   157.680 
   60250   156.767 
   60300   159.501 
   60350   159.049 
   60400   159.324 
   60450   156.947 
   60500   156.604 
   60550   157.514 
   60600   153.450 
   60650   158.894 
   60700   157.005 
   60750   158.606 
   60800   155.368 
   60850   158.268 
   60900   157.560 
   60950   158.266 
   61000   155.927 
   61050   160.838 
   61100   160.028 
   61150   158.639 
   61200   155.400 
   61250   157.352 
   61300   159.121 
   61350   157.601 
   61400   159.507 
   61450   158.244 
   61500   156.721 
   61550   155.202 
   61600   156.136 
   61650   159.900 
   61700   159.587 
   61750   154.833 
   61800   160.523 
   61850   157.484 
   61900   159.405 
   61950   155.479 
   62000   160.809 
   62050   156.309 
   62100   157.159 
   62150   156.106 
   62200   158.395 
   62250   162.610 
   62300   160.485 
   62350   154.405 
   62400   158.024 
   62450   153.328 
   62500   159.329 
   62550   156.557 
   62600   161.073 
   62650   157.948 
   62700   157.447 
   62750   156.607 
   62800   156.810 
   62850   157.671 
   62900   155.952 
   62950   157.917 
   63000   157.649 
   63050   154.944 
   63100   154.784 
   63150   159.051 
   63200   156.280 
   63250   154.708 
   63300   155.287 
   63350   154.595 
   63400   157.685 
   63450   158.541 
   63500   159.513 
   63550   156.662 
   63600   157.257 
   63650   158.650 
   63700   154.343 
   63750   157.318 
   63800   159.221 
   63850   156.847 
   63900   159.074 
   63950   154.455 
   64000   158.285 
   64050   157.534 
   64100   158.062 
   64150   156.794 
   64200   155.678 
   64250   160.325 
   64300   158.402 
   64350   153.735 
   64400   157.980 
   64450   157.446 
   64500   159.029 
   64550   158.218 
   64600   161.052 
   64650   161.547 
   64700   154.069 
   64750   154.522 
   64800   156.018 
   64850   159.335 
   64900   157.242 
   64950   154.397 
   65000   155.688 
   65050   156.131 
   65100   156.325 
   65150   156.668 
   65200   159.265 
   65250   158.446 
   65300   158.226 
   65350   154.909 
   65400   156.472 
   65450   161.425 
   65500   160.583 
   65550   159.314 
   65600   154.948 
   65650   161.169 
   65700   155.328 
   65750   156.978 
   65800   156.873 
   65850   160.499 
   65900   157.544 
   65950   155.519 
   66000   156.850 
   66050   158.746 
   66100   154.073 
   66150   153.833 
   66200   158.368 
   66250   158.281 
   66300   155.750 
   66350   157.540 
   66400   155.889 
   66450   158.271 
   66500   155.238 
   66550   160.419 
   66600   155.435 
   66650   155.169 
   66700   160.312 
   66750   155.417 
   66800   156.874 
   66850   154.072 
   66900   156.854 
   66950   162.481 
   67000   155.908 
   67050   157.018 
   67100   156.360 
   67150   160.447 
   67200   156.770 
   67250   153.964 
   67300   158.211 
   67350   154.301 
   67400   152.821 
   67450   160.936 
   67500   157.303 
   67550   157.521 
   67600   155.690 
   67650   156.614 
   67700   156.121 
   67750   155.695 
   67800   158.311 
   67850   158.397 
   67900   159.622 
   67950   154.313 
   68000   154.147 
   68050   153.159 
   68100   156.946 
   68150   153.087 
   68200   159.167 
   68250   155.089 
   68300   156.367 
   68350   153.419 
   68400   154.311 
   68450   156.760 
   68500   159.451 
   68550   153.110 
   68600   152.787 
   68650   157.870 
   68700   155.383 
   68750   157.858 
   68800   158.841 
   68850   155.550 
   68900   158.924 
   68950   153.370 
   69000   157.697 
   69050   153.665 
   69100   154.704 
   69150   157.446 
   69200   160.807 
   69250   159.492 
   69300   157.833 
   69350   156.014 
   69400   156.982 
   69450   157.352 
   69500   156.602 
   69550   156.817 
   69600   155.308 
   69650   160.745 
   69700   155.910 
   69750   158.447 
   69800   159.355 
   69850   156.617 
   69900   159.729 
   69950   157.235 
   70000   160.007 
   70050   156.663 
   70100   159.939 
   70150   157.924 
   70200   155.768 
   70250   153.523 
   70300   158.781 
   70350   155.835 
   70400   163.024 
   70450   159.224 
   70500   156.890 
   70550   157.452 
   70600   156.047 
   70650   160.023 
   70700   157.415 
   70750   154.456 
   70800   158.247 
   70850   157.109 
   70900   157.626 
   70950   151.586 
   71000   157.492 
   71050   158.572 
   71100   159.137 
   71150   158.374 
   71200   153.301 
   71250   153.972 
   71300   157.644 
   71350   153.557 
   71400   159.244 
   71450   158.547 
   71500   158.262 
   71550   152.900 
   71600   157.704 
   71650   160.067 
   71700   155.899 
   71750   154.833 
   71800   158.603 
   71850   156.238 
   71900   159.140 
   71950   155.487 
   72000   153.934 
   72050   154.944 
   72100   161.247 
   72150   162.972 
   72200   156.131 
   72250   153.897 
   72300   154.483 
   72350   157.929 
   72400   160.140 
   72450   154.933 
   72500   158.692 
   72550   157.044 
   72600   158.293 
   72650   158.189 
   72700   155.563 
   72750   153.996 
   72800   162.166 
   72850   159.504 
   72900   159.415 
   72950   154.319 
   73000   155.741 
   73050   160.429 
   73100   157.430 
   73150   159.677 
   73200   155.848 
   73250   160.637 
   73300   160.181 
   73350   155.452 
   73400   154.854 
   73450   159.404 
   73500   161.518 
   73550   157.771 
   73600   159.191 
   73650   161.464 
   73700   161.429 
   73750   155.524 
   73800   157.843 
   73850   158.171 
   73900   161.246 
   73950   155.296 
   74000   155.638 
   74050   154.657 
   74100   157.601 
   74150   157.953 
   74200   156.603 
   74250   154.453 
   74300   155.693 
   74350   155.251 
   74400   157.136 
   74450   158.796 
   74500   152.884 
   74550   154.180 
   74600   157.612 
   74650   156.377 
   74700   159.076 
   74750   153.326 
   74800   158.908 
   74850   157.057 
   74900   157.945 
   74950   157.298 
   75000   155.735 
   75050   155.320 
   75100   153.121 
   75150   157.443 
   75200   158.272 
   75250   156.408 
   75300   158.849 
   75350   156.597 
   75400   159.182 
   75450   153.165 
   75500   156.734 
   75550   160.455 
   75600   158.004 
   75650   156.583 
   75700   157.193 
   75750   155.983 
   75800   156.364 
   75850   156.974 
   75900   156.401 
   75950   158.979 
   76000   153.529 
   76050   155.204 
   76100   156.235 
   76150   157.881 
   76200   160.205 
   76250   152.797 
   76300   156.262 
   76350   154.461 
   76400   156.790 
   76450   158.936 
   76500   155.797 
   76550   154.493 
   76600   155.511 
   76650   159.082 
   76700   154.937 
   76750   155.148 
   76800   155.409 
   76850   160.428 
   76900   153.969 
   76950   158.020 
   77000   159.701 
   77050   156.132 
   77100   157.489 
   77150   153.903 
   77200   159.554 
   77250   157.712 
   77300   156.023 
   77350   161.824 
   77400   156.993 
   77450   159.644 
   77500   154.338 
   77550   155.416 
   77600   156.700 
   77650   156.629 
   77700   157.806 
   77750   154.310 
   77800   153.597 
   77850   159.610 
   77900   157.792 
   77950   157.727 
   78000   151.860 
   78050   156.100 
   78100   153.589 
   78150   157.569 
   78200   157.858 
   78250   156.749 
   78300   155.119 
   78350   152.390 
   78400   157.812 
   78450   158.314 
   78500   156.198 
   78550   153.889 
   78600   157.023 
   78650   158.763 
   78700   156.060 
   78750   153.353 
   78800   156.135 
   78850   157.282 
   78900   159.057 
   78950   158.212 
   79000   155.990 
   79050   157.522 
   79100   156.389 
   79150   157.943 
   79200   156.976 
   79250   155.201 
   79300   158.189 
   79350   154.205 
   79400   153.374 
   79450   156.674 
   79500   156.502 
   79550   159.773 
   79600   154.141 
   79650   156.189 
   79700   156.907 
   79750   153.779 
   79800   157.498 
   79850   156.013 
   79900   158.764 
   79950   154.609 
   80000   155.637 
   80050   157.495 
   80100   153.798 
   80150   155.854 
   80200   158.015 
   80250   155.924 
   80300   154.775 
   80350   157.692 
   80400   154.419 
   80450   152.708 
   80500   154.602 
   80550   160.556 
   80600   158.136 
   80650   153.235 
   80700   154.633 
   80750   157.645 
   80800   157.682 
   80850   154.662 
   80900   155.104 
   80950   156.285 
   81000   156.995 
   81050   153.228 
   81100   153.696 
   81150   157.780 
   81200   158.657 
   81250   158.167 
   81300   158.731 
   81350   158.929 
   81400   153.139 
   81450   155.692 
   81500   160.906 
   81550   156.974 
   81600   156.533 
   81650   155.569 
   81700   158.950 
   81750   160.276 
   81800   155.479 
   81850   157.857 
   81900   158.671 
   81950   160.386 
   82000   154.578 
   82050   156.115 
   82100   156.139 
   82150   159.284 
   82200   156.913 
   82250   154.697 
   82300   156.577 
   82350   160.721 
   82400   158.912 
   82450   155.834 
   82500   158.215 
   82550   160.084 
   82600   155.730 
   82650   155.827 
   82700   158.168 
   82750   158.811 
   82800   160.121 
   82850   154.673 
   82900   157.218 
   82950   155.772 
   83000   158.788 
   83050   158.566 
   83100   158.606 
   83150   157.370 
   83200   159.274 
   83250   155.193 
   83300   157.860 
   83350   160.413 
   83400   158.268 
   83450   153.646 
   83500   154.558 
   83550   160.926 
   83600   156.055 
   83650   156.609 
   83700   160.122 
   83750   159.380 
   83800   154.094 
   83850   156.415 
   83900   160.379 
   83950   157.222 
   84000   158.064 
   84050   155.494 
   84100   162.886 
   84150   157.629 
   84200   156.830 
   84250   156.018 
   84300   158.890 
   84350   156.615 
   84400   153.671 
   84450   157.438 
   84500   160.452 
   84550   155.907 
   84600   158.141 
   84650   158.026 
   84700   156.883 
   84750   158.525 
   84800   154.609 
   84850   152.142 
   84900   157.431 
   84950   155.940 
   85000   157.582 
   85050   155.967 
   85100   157.865 
   85150   153.555 
   85200   152.660 
   85250   157.764 
   85300   158.035 
   85350   157.019 
   85400   155.957 
   85450   154.880 
   85500   158.349 
   85550   151.466 
   85600   155.873 
   85650   154.347 
   85700   157.755 
   85750   157.164 
   85800   153.868 
   85850   158.718 
   85900   159.807 
   85950   156.900 
   86000   154.084 
   86050   158.479 
   86100   152.073 
   86150   157.730 
   86200   157.627 
   86250   158.436 
   86300   151.511 
   86350   157.737 
   86400   159.503 
   86450   157.495 
   86500   152.567 
   86550   155.514 
   86600   159.625 
   86650   157.909 
   86700   157.890 
   86750   157.853 
   86800   154.630 
   86850   156.895 
   86900   156.407 
   86950   154.964 
   87000   162.727 
   87050   157.063 
   87100   156.260 
   87150   155.556 
   87200   155.719 
   87250   159.580 
   87300   157.419 
   87350   157.515 
   87400   154.982 
   87450   157.608 
   87500   157.222 
   87550   159.946 
   87600   157.759 
   87650   154.300 
   87700   155.344 
   87750   158.445 
   87800   160.513 
   87850   156.611 
   87900   155.156 
   87950   158.935 
   88000   158.223 
   88050   157.340 
   88100   158.994 
   88150   158.429 
   88200   155.783 
   88250   152.756 
   88300   159.276 
   88350   155.305 
   88400   153.419 
   88450   160.286 
   88500   156.942 
   88550   155.331 
   88600   153.600 
   88650   156.735 
   88700   158.806 
   88750   156.662 
   88800   157.013 
   88850   157.304 
   88900   157.881 
   88950   156.433 
   89000   155.349 
   89050   160.329 
   89100   156.975 
   89150   155.276 
   89200   156.324 
   89250   155.635 
   89300   155.599 
   89350   156.516 
   89400   156.257 
   89450   161.771 
   89500   156.017 
   89550   155.769 
   89600   155.848 
   89650   156.726 
   89700   159.560 
   89750   156.186 
   89800   155.515 
   89850   157.622 
   89900   158.941 
   89950   154.697 
   90000   156.290 
   90050   160.219 
   90100   160.500 
   90150   157.508 
   90200   152.724 
   90250   155.365 
   90300   155.592 
   90350   157.234 
   90400   156.669 
   90450   159.006 
   90500   158.223 
   90550   155.599 
   90600   153.753 
   90650   159.498 
   90700   159.332 
   90750   158.080 
   90800   157.335 
   90850   158.855 
   90900   157.686 
   90950   154.472 
   91000   160.496 
   91050   160.362 
   91100   158.417 
   91150   152.340 
   91200   159.641 
   91250   157.038 
   91300   157.306 
   91350   154.498 
   91400   156.124 
   91450   157.826 
   91500   156.833 
   91550   159.800 
   91600   158.295 
   91650   157.394 
   91700   156.212 
   91750   153.948 
   91800   152.802 
   91850   158.906 
   91900   161.632 
   91950   157.849 
   92000   156.618 
   92050   156.990 
   92100   158.689 
   92150   154.126 
   92200   158.687 
   92250   155.309 
   92300   161.479 
   92350   153.776 
   92400   156.432 
   92450   157.822 
   92500   157.628 
   92550   158.169 
   92600   157.824 
   92650   157.366 
   92700   156.646 
   92750   154.537 
   92800   160.192 
   92850   157.163 
   92900   157.498 
   92950   153.493 
   93000   158.725 
   93050   157.209 
   93100   155.318 
   93150   157.395 
   93200   159.554 
   93250   157.944 
   93300   152.988 
   93350   152.337 
   93400   156.698 
   93450   153.548 
   93500   160.115 
   93550   157.268 
   93600   157.842 
   93650   154.141 
   93700   153.628 
   93750   159.045 
   93800   158.101 
   93850   155.396 
   93900   158.825 
   93950   155.405 
   94000   158.864 
   94050   154.989 
   94100   153.602 
   94150   155.623 
   94200   153.328 
   94250   158.744 
   94300   158.968 
   94350   156.097 
   94400   159.200 
   94450   154.040 
   94500   160.658 
   94550   158.405 
   94600   158.236 
   94650   156.772 
   94700   150.989 
   94750   157.361 
   94800   155.772 
   94850   160.747 
   94900   157.212 
   94950   159.855 
   95000   157.561 
   95050   155.917 
   95100   156.268 
   95150   155.489 
   95200   162.331 
   95250   160.239 
   95300   158.454 
   95350   154.005 
   95400   156.583 
   95450   158.005 
   95500   158.174 
   95550   157.219 
   95600   156.735 
   95650   155.899 
   95700   153.949 
   95750   154.769 
   95800   157.863 
   95850   160.464 
   95900   156.451 
   95950   155.539 
   96000   156.721 
   96050   157.861 
   96100   153.453 
   96150   152.896 
   96200   158.014 
   96250   160.115 
   96300   155.798 
   96350   154.449 
   96400   158.672 
   96450   155.056 
   96500   155.784 
   96550   154.516 
   96600   158.019 
   96650   154.974 
   96700   153.764 
   96750   157.111 
   96800   158.779 
   96850   157.351 
   96900   156.228 
   96950   155.995 
   97000   155.170 
   97050   154.990 
   97100   155.824 
   97150   159.039 
   97200   157.788 
   97250   159.397 
   97300   154.632 
   97350   152.834 
   97400   159.514 
   97450   158.416 
   97500   160.597 
   97550   155.739 
   97600   155.285 
   97650   155.340 
   97700   157.250 
   97750   160.635 
   97800   157.694 
   97850   158.465 
   97900   155.443 
   97950   155.746 
   98000   160.114 
   98050   157.326 
   98100   159.879 
   98150   155.253 
   98200   156.509 
   98250   160.756 
   98300   158.792 
   98350   156.247 
   98400   156.312 
   98450   157.105 
   98500   160.641 
   98550   157.675 
   98600   156.738 
   98650   153.325 
   98700   158.627 
   98750   161.149 
   98800   157.303 
   98850   154.825 
   98900   157.942 
   98950   155.465 
   99000   159.093 
   99050   157.840 
   99100   156.428 
   99150   158.411 
   99200   155.048 
   99250   157.172 
   99300   157.044 
   99350   159.378 
   99400   151.135 
   99450   152.047 
   99500   155.960 
   99550   156.379 
   99600   158.970 
   99650   158.782 
   99700   157.384 
   99750   156.745 
   99800   153.852 
   99850   156.721 
   99900   160.139 
   99950   154.673 
