       0    57.057 
      50    55.385 
     100    57.099 
     150    56.095 
     200    54.658 
     250    54.436 
     300    53.989 
     350    52.373 
     400    52.905 
     450    56.182 
     500    54.128 
     550    50.666 
     600    58.459 
     650    55.783 
     700    56.432 
     750    56.442 
     800    52.686 
     850    57.098 
     900    56.366 
     950    57.167 
    1000    51.812 
    1050    57.025 
    1100    57.092 
    1150    56.290 
    1200    54.755 
    1250    55.309 
    1300    53.416 
    1350    56.348 
    1400    58.645 
    1450    55.019 
    1500    52.527 
    1550    61.504 
    1600    52.737 
    1650    52.564 
    1700    55.679 
    1750    50.585 
    1800    56.495 
    1850    55.344 
    1900    49.940 
    1950    57.169 
    2000    56.556 
    2050    55.034 
    2100    52.472 
    2150    56.681 
    2200    56.652 
    2250    52.079 
    2300    52.322 
    2350    57.900 
    2400    59.059 
    2450    52.420 
    2500    53.831 
    2550    58.580 
    2600    56.693 
    2650    52.705 
    2700    53.823 
    2750    58.337 
    2800    56.747 
    2850    53.814 
    2900    53.154 
    2950    56.054 
    3000    56.325 
    3050    53.607 
    3100    52.234 
    3150    57.206 
    3200    55.000 
    3250    54.104 
    3300    55.897 
    3350    55.807 
    3400    54.672 
    3450    53.944 
    3500    54.826 
    3550    57.561 
    3600    55.180 
    3650    54.026 
    3700    54.342 
    3750    57.811 
    3800    58.117 
    3850    56.122 
    3900    55.187 
    3950    57.262 
    4000    57.957 
    4050    56.022 
    4100    53.473 
    4150    58.010 
    4200    53.718 
    4250    58.382 
    4300    57.207 
    4350    56.215 
    4400    56.222 
    4450    55.201 
    4500    57.119 
    4550    56.592 
    4600    55.549 
    4650    54.537 
    4700    55.777 
    4750    54.934 
    4800    57.089 
    4850    54.410 
    4900    55.687 
    4950    56.772 
    5000    52.866 
    5050    53.503 
    5100    54.423 
    5150    54.561 
    5200    56.092 
    5250    56.214 
    5300    52.499 
    5350    54.744 
    5400    56.982 
    5450    56.358 
    5500    57.809 
    5550    54.589 
    5600    55.531 
    5650    57.854 
    5700    52.282 
    5750    55.082 
    5800    58.581 
    5850    55.055 
    5900    52.262 
    5950    57.144 
    6000    55.525 
    6050    54.888 
    6100    58.223 
    6150    55.604 
    6200    56.819 
    6250    58.173 
    6300    57.417 
    6350    56.152 
    6400    58.032 
    6450    56.448 
    6500    53.533 
    6550    52.393 
    6600    57.919 
    6650    53.794 
    6700    55.087 
    6750    52.134 
    6800    55.630 
    6850    54.767 
    6900    54.192 
    6950    54.633 
    7000    59.006 
    7050    53.723 
    7100    54.473 
    7150    56.131 
    7200    52.991 
    7250    55.283 
    7300    56.060 
    7350    55.631 
    7400    54.808 
    7450    58.104 
    7500    55.805 
    7550    53.125 
    7600    53.503 
    7650    55.063 
    7700    56.692 
    7750    55.330 
    7800    54.169 
    7850    53.040 
    7900    54.107 
    7950    54.964 
    8000    54.779 
    8050    54.164 
    8100    54.071 
    8150    55.333 
    8200    55.635 
    8250    56.990 
    8300    55.423 
    8350    53.356 
    8400    55.412 
    8450    61.121 
    8500    54.560 
    8550    55.458 
    8600    59.001 
    8650    53.338 
    8700    53.957 
    8750    55.344 
    8800    55.534 
    8850    54.609 
    8900    54.229 
    8950    55.652 
    9000    55.579 
    9050    57.474 
    9100    55.895 
    9150    55.897 
    9200    57.867 
    9250    58.242 
    9300    56.026 
    9350    54.845 
    9400    59.844 
    9450    53.743 
    9500    50.170 
    9550    57.357 
    9600    51.957 
    9650    53.229 
    9700    55.228 
    9750    55.616 
    9800    55.356 
    9850    55.065 
    9900    55.963 
    9950    54.890 
   10000    55.740 
   10050    55.477 
   10100    54.487 
   10150    57.872 
   10200    54.019 
   10250    55.093 
   10300    55.781 
   10350    55.702 
   10400    55.113 
   10450    54.821 
   10500    55.157 
   10550    62.550 
   10600    56.706 
   10650    54.340 
   10700    56.547 
   10750    60.252 
   10800    53.327 
   10850    51.186 
   10900    55.707 
   10950    56.157 
   11000    49.404 
   11050    56.010 
   11100    57.939 
   11150    55.596 
   11200    57.167 
   11250    58.652 
   11300    55.998 
   11350    56.028 
   11400    54.654 
   11450    54.785 
   11500    56.584 
   11550    55.278 
   11600    55.096 
   11650    57.567 
   11700    57.597 
   11750    53.598 
   11800    57.835 
   11850    54.971 
   11900    59.871 
   11950    58.642 
   12000    54.630 
   12050    53.447 
   12100    57.783 
   12150    58.679 
   12200    55.178 
   12250    55.878 
   12300    55.170 
   12350    53.718 
   12400    58.494 
   12450    57.614 
   12500    54.153 
   12550    57.991 
   12600    58.988 
   12650    53.049 
   12700    57.585 
   12750    58.819 
   12800    54.055 
   12850    53.165 
   12900    55.713 
   12950    58.441 
   13000    57.510 
   13050    54.344 
   13100    55.460 
   13150    57.921 
   13200    50.757 
   13250    58.451 
   13300    53.591 
   13350    50.101 
   13400    57.943 
   13450    58.992 
   13500    54.408 
   13550    53.186 
   13600    50.988 
   13650    55.678 
   13700    56.955 
   13750    53.484 
   13800    56.556 
   13850    56.832 
   13900    49.687 
   13950    59.285 
   14000    59.401 
   14050    57.565 
   14100    56.374 
   14150    55.594 
   14200    55.680 
   14250    56.247 
   14300    50.828 
   14350    56.001 
   14400    54.370 
   14450    53.962 
   14500    54.041 
   14550    54.322 
   14600    53.456 
   14650    58.190 
   14700    54.064 
   14750    56.240 
   14800    57.559 
   14850    52.147 
   14900    55.259 
   14950    56.255 
   15000    53.333 
   15050    57.683 
   15100    55.603 
   15150    52.763 
   15200    55.866 
   15250    56.966 
   15300    54.578 
   15350    52.863 
   15400    55.458 
   15450    56.607 
   15500    55.619 
   15550    53.493 
   15600    56.394 
   15650    59.701 
   15700    55.487 
   15750    55.244 
   15800    56.701 
   15850    59.872 
   15900    54.310 
   15950    54.548 
   16000    55.517 
   16050    55.439 
   16100    54.419 
   16150    55.625 
   16200    55.298 
   16250    52.004 
   16300    55.222 
   16350    55.717 
   16400    56.142 
   16450    59.026 
   16500    55.854 
   16550    51.580 
   16600    56.766 
   16650    57.760 
   16700    52.386 
   16750    53.240 
   16800    57.177 
   16850    56.459 
   16900    52.743 
   16950    56.635 
   17000    59.747 
   17050    56.738 
   17100    51.846 
   17150    54.775 
   17200    57.428 
   17250    53.020 
   17300    54.607 
   17350    53.293 
   17400    58.468 
   17450    54.723 
   17500    53.599 
   17550    54.575 
   17600    54.248 
   17650    54.681 
   17700    52.350 
   17750    54.226 
   17800    55.405 
   17850    56.152 
   17900    52.991 
   17950    57.662 
   18000    54.244 
   18050    53.085 
   18100    55.201 
   18150    58.702 
   18200    58.422 
   18250    55.128 
   18300    57.203 
   18350    55.156 
   18400    55.472 
   18450    55.494 
   18500    57.362 
   18550    52.565 
   18600    57.941 
   18650    55.358 
   18700    56.133 
   18750    52.655 
   18800    56.487 
   18850    57.253 
   18900    54.314 
   18950    53.146 
   19000    61.175 
   19050    59.079 
   19100    54.317 
   19150    52.548 
   19200    60.455 
   19250    59.347 
   19300    52.185 
   19350    54.396 
   19400    60.009 
   19450    60.183 
   19500    51.752 
   19550    56.880 
   19600    58.322 
   19650    56.095 
   19700    54.174 
   19750    56.308 
   19800    58.644 
   19850    55.312 
   19900    57.565 
   19950    54.537 
   20000    56.147 
   20050    58.167 
   20100    56.851 
   20150    52.115 
   20200    54.844 
   20250    57.894 
   20300    55.580 
   20350    49.436 
   20400    54.187 
   20450    58.963 
   20500    51.509 
   20550    51.225 
   20600    58.284 
   20650    55.296 
   20700    53.671 
   20750    57.341 
   20800    56.842 
   20850    58.168 
   20900    52.762 
   20950    53.354 
   21000    59.785 
   21050    55.748 
   21100    54.296 
   21150    55.308 
   21200    55.055 
   21250    56.789 
   21300    54.929 
   21350    52.182 
   21400    51.771 
   21450    63.611 
   21500    52.201 
   21550    47.897 
   21600    56.735 
   21650    56.169 
   21700    54.147 
   21750    54.336 
   21800    51.318 
   21850    52.955 
   21900    59.026 
   21950    57.736 
   22000    56.154 
   22050    51.483 
   22100    54.456 
   22150    58.842 
   22200    59.706 
   22250    52.934 
   22300    57.100 
   22350    55.589 
   22400    53.393 
   22450    55.963 
   22500    55.916 
   22550    56.067 
   22600    57.940 
   22650    56.256 
   22700    53.928 
   22750    55.484 
   22800    56.101 
   22850    57.026 
   22900    54.646 
   22950    55.695 
   23000    54.162 
   23050    53.569 
   23100    54.957 
   23150    56.386 
   23200    55.337 
   23250    54.138 
   23300    54.839 
   23350    55.556 
   23400    52.083 
   23450    56.749 
   23500    56.863 
   23550    57.250 
   23600    57.260 
   23650    53.578 
   23700    58.515 
   23750    61.963 
   23800    49.881 
   23850    52.851 
   23900    58.827 
   23950    56.188 
   24000    52.723 
   24050    55.607 
   24100    58.603 
   24150    54.494 
   24200    52.850 
   24250    54.101 
   24300    54.647 
   24350    55.123 
   24400    53.531 
   24450    57.562 
   24500    57.934 
   24550    55.457 
   24600    52.809 
   24650    54.718 
   24700    57.697 
   24750    53.308 
   24800    54.375 
   24850    54.472 
   24900    54.769 
   24950    53.507 
   25000    57.573 
   25050    55.687 
   25100    57.129 
   25150    53.250 
   25200    58.671 
   25250    57.284 
   25300    54.098 
   25350    52.452 
   25400    56.002 
   25450    55.608 
   25500    58.949 
   25550    58.019 
   25600    52.929 
   25650    50.960 
   25700    57.590 
   25750    55.081 
   25800    53.563 
   25850    51.484 
   25900    53.973 
   25950    58.408 
   26000    55.669 
   26050    54.460 
   26100    58.224 
   26150    59.876 
   26200    54.684 
   26250    53.511 
   26300    55.912 
   26350    58.844 
   26400    57.823 
   26450    55.702 
   26500    54.399 
   26550    55.467 
   26600    52.749 
   26650    55.692 
   26700    58.709 
   26750    57.423 
   26800    55.867 
   26850    55.463 
   26900    54.587 
   26950    56.435 
   27000    55.594 
   27050    53.655 
   27100    54.858 
   27150    58.114 
   27200    57.203 
   27250    60.984 
   27300    56.919 
   27350    55.276 
   27400    56.541 
   27450    59.996 
   27500    56.830 
   27550    53.559 
   27600    54.889 
   27650    55.422 
   27700    55.167 
   27750    55.000 
   27800    58.372 
   27850    51.364 
   27900    51.708 
   27950    56.772 
   28000    52.799 
   28050    52.478 
   28100    55.441 
   28150    57.861 
   28200    51.256 
   28250    55.584 
   28300    59.568 
   28350    55.591 
   28400    55.865 
   28450    56.247 
   28500    54.373 
   28550    53.377 
   28600    58.980 
   28650    52.918 
   28700    57.846 
   28750    57.074 
   28800    52.200 
   28850    59.388 
   28900    55.862 
   28950    53.123 
   29000    54.738 
   29050    54.770 
   29100    54.452 
   29150    54.758 
   29200    52.980 
   29250    57.628 
   29300    54.859 
   29350    52.862 
   29400    58.335 
   29450    55.153 
   29500    56.413 
   29550    58.764 
   29600    53.260 
   29650    55.672 
   29700    55.460 
   29750    55.946 
   29800    53.808 
   29850    56.858 
   29900    53.003 
   29950    55.707 
   30000    57.036 
   30050    53.927 
   30100    57.094 
   30150    53.092 
   30200    57.867 
   30250    57.670 
   30300    54.103 
   30350    50.731 
   30400    56.353 
   30450    57.374 
   30500    55.076 
   30550    54.496 
   30600    54.165 
   30650    53.266 
   30700    55.850 
   30750    55.294 
   30800    53.425 
   30850    54.782 
   30900    59.336 
   30950    57.745 
   31000    56.233 
   31050    53.906 
   31100    56.550 
   31150    54.743 
   31200    55.530 
   31250    55.098 
   31300    54.460 
   31350    54.585 
   31400    55.450 
   31450    56.124 
   31500    59.763 
   31550    54.346 
   31600    53.817 
   31650    56.300 
   31700    59.834 
   31750    55.052 
   31800    56.510 
   31850    55.110 
   31900    57.890 
   31950    53.647 
   32000    51.586 
   32050    53.246 
   32100    57.129 
   32150    56.793 
   32200    51.675 
   32250    55.852 
   32300    58.229 
   32350    56.271 
   32400    55.115 
   32450    55.217 
   32500    52.972 
   32550    54.089 
   32600    55.482 
   32650    55.882 
   32700    54.586 
   32750    57.225 
   32800    55.687 
   32850    55.295 
   32900    59.361 
   32950    54.484 
   33000    55.948 
   33050    54.530 
   33100    53.960 
   33150    58.234 
   33200    52.622 
   33250    51.983 
   33300    60.505 
   33350    57.089 
   33400    54.335 
   33450    57.457 
   33500    56.869 
   33550    55.289 
   33600    50.069 
   33650    56.353 
   33700    58.477 
   33750    57.758 
   33800    54.522 
   33850    51.592 
   33900    54.212 
   33950    59.564 
   34000    55.535 
   34050    51.763 
   34100    55.252 
   34150    60.878 
   34200    59.638 
   34250    53.896 
   34300    57.153 
   34350    59.039 
   34400    58.159 
   34450    52.187 
   34500    53.942 
   34550    58.945 
   34600    53.495 
   34650    52.769 
   34700    56.926 
   34750    55.525 
   34800    55.974 
   34850    54.620 
   34900    55.218 
   34950    56.457 
   35000    48.985 
   35050    51.481 
   35100    54.750 
   35150    57.962 
   35200    53.356 
   35250    54.433 
   35300    54.489 
   35350    57.618 
   35400    53.292 
   35450    55.325 
   35500    55.885 
   35550    57.866 
   35600    53.115 
   35650    54.402 
   35700    58.378 
   35750    55.090 
   35800    55.261 
   35850    56.051 
   35900    56.412 
   35950    56.369 
   36000    53.149 
   36050    56.396 
   36100    58.180 
   36150    55.017 
   36200    51.292 
   36250    55.884 
   36300    56.819 
   36350    54.163 
   36400    51.206 
   36450    56.258 
   36500    53.816 
   36550    55.088 
   36600    55.277 
   36650    53.637 
   36700    53.998 
   36750    55.416 
   36800    57.289 
   36850    56.509 
   36900    54.901 
   36950    53.181 
   37000    57.687 
   37050    58.661 
   37100    55.349 
   37150    56.035 
   37200    56.224 
   37250    54.538 
   37300    54.288 
   37350    56.350 
   37400    60.910 
   37450    55.881 
   37500    51.150 
   37550    53.332 
   37600    57.841 
   37650    55.930 
   37700    51.069 
   37750    53.258 
   37800    54.066 
   37850    56.338 
   37900    53.915 
   37950    56.619 
   38000    53.890 
   38050    58.927 
   38100    56.279 
   38150    55.739 
   38200    56.952 
   38250    59.060 
   38300    55.060 
   38350    53.958 
   38400    56.945 
   38450    58.501 
   38500    56.599 
   38550    50.087 
   38600    56.317 
   38650    57.401 
   38700    53.726 
   38750    52.327 
   38800    52.009 
   38850    58.797 
   38900    53.453 
   38950    53.716 
   39000    55.084 
   39050    61.315 
   39100    57.828 
   39150    52.288 
   39200    57.354 
   39250    60.821 
   39300    55.434 
   39350    49.568 
   39400    57.806 
   39450    60.041 
   39500    56.394 
   39550    54.061 
   39600    57.268 
   39650    57.323 
   39700    55.353 
   39750    55.010 
   39800    58.215 
   39850    53.193 
   39900    54.059 
   39950    56.121 
   40000    59.627 
   40050    57.455 
   40100    51.973 
   40150    53.462 
   40200    59.992 
   40250    59.330 
   40300    57.962 
   40350    53.106 
   40400    59.210 
   40450    58.201 
   40500    54.338 
   40550    57.432 
   40600    57.839 
   40650    50.508 
   40700    54.721 
   40750    60.796 
   40800    56.475 
   40850    48.862 
   40900    56.701 
   40950    58.590 
   41000    54.253 
   41050    53.506 
   41100    53.868 
   41150    55.701 
   41200    53.230 
   41250    53.718 
   41300    57.371 
   41350    56.364 
   41400    52.494 
   41450    55.690 
   41500    58.471 
   41550    59.161 
   41600    56.160 
   41650    54.419 
   41700    57.952 
   41750    58.370 
   41800    56.404 
   41850    56.629 
   41900    55.828 
   41950    57.559 
   42000    54.593 
   42050    57.918 
   42100    56.329 
   42150    55.680 
   42200    53.133 
   42250    56.376 
   42300    56.429 
   42350    56.492 
   42400    52.374 
   42450    54.808 
   42500    51.460 
   42550    53.030 
   42600    55.786 
   42650    56.356 
   42700    56.361 
   42750    57.480 
   42800    53.199 
   42850    56.176 
   42900    58.154 
   42950    54.539 
   43000    54.697 
   43050    60.623 
   43100    52.560 
   43150    55.488 
   43200    56.154 
   43250    56.099 
   43300    56.708 
   43350    55.762 
   43400    53.975 
   43450    55.990 
   43500    56.502 
   43550    55.819 
   43600    54.115 
   43650    54.479 
   43700    57.065 
   43750    59.865 
   43800    57.072 
   43850    51.636 
   43900    52.831 
   43950    57.248 
   44000    60.330 
   44050    53.043 
   44100    50.811 
   44150    58.436 
   44200    58.379 
   44250    54.740 
   44300    55.099 
   44350    50.904 
   44400    54.752 
   44450    57.919 
   44500    57.151 
   44550    54.648 
   44600    55.619 
   44650    56.920 
   44700    56.072 
   44750    55.943 
   44800    57.776 
   44850    58.071 
   44900    55.129 
   44950    55.115 
   45000    55.017 
   45050    57.100 
   45100    55.143 
   45150    55.131 
   45200    52.552 
   45250    57.399 
   45300    57.750 
   45350    54.815 
   45400    54.972 
   45450    56.111 
   45500    57.847 
   45550    55.371 
   45600    54.603 
   45650    55.985 
   45700    56.616 
   45750    54.585 
   45800    52.166 
   45850    57.354 
   45900    51.908 
   45950    56.641 
   46000    53.398 
   46050    52.920 
   46100    55.338 
   46150    56.354 
   46200    54.697 
   46250    54.864 
   46300    54.146 
   46350    54.400 
   46400    55.503 
   46450    56.516 
   46500    57.551 
   46550    54.900 
   46600    55.912 
   46650    58.162 
   46700    56.975 
   46750    54.290 
   46800    56.092 
   46850    56.054 
   46900    55.782 
   46950    51.509 
   47000    53.814 
   47050    56.486 
   47100    53.850 
   47150    53.576 
   47200    53.617 
   47250    55.535 
   47300    56.941 
   47350    56.185 
   47400    53.816 
   47450    58.177 
   47500    56.569 
   47550    52.243 
   47600    55.714 
   47650    58.594 
   47700    54.403 
   47750    52.670 
   47800    56.497 
   47850    58.070 
   47900    57.367 
   47950    55.093 
   48000    53.281 
   48050    58.750 
   48100    59.617 
   48150    56.074 
   48200    51.988 
   48250    56.096 
   48300    58.964 
   48350    56.597 
   48400    56.519 
   48450    57.261 
   48500    57.006 
   48550    52.755 
   48600    57.102 
   48650    60.112 
   48700    55.892 
   48750    53.798 
   48800    56.485 
   48850    52.095 
   48900    51.991 
   48950    56.532 
   49000    57.341 
   49050    52.825 
   49100    56.916 
   49150    54.811 
   49200    54.883 
   49250    56.164 
   49300    53.331 
   49350    53.880 
   49400    54.079 
   49450    55.111 
   49500    57.218 
   49550    52.586 
   49600    55.918 
   49650    55.569 
   49700    55.830 
   49750    53.098 
   49800    52.606 
   49850    55.995 
   49900    57.876 
   49950    57.648 
   50000    52.768 
   50050    53.756 
   50100    56.291 
   50150    55.288 
   50200    55.190 
   50250    55.457 
   50300    52.370 
   50350    58.649 
   50400    58.115 
   50450    55.599 
   50500    50.320 
   50550    53.119 
   50600    57.892 
   50650    55.679 
   50700    52.875 
   50750    50.364 
   50800    55.318 
   50850    56.595 
   50900    57.878 
   50950    54.473 
   51000    57.973 
   51050    57.640 
   51100    55.173 
   51150    55.976 
   51200    59.521 
   51250    59.173 
   51300    52.055 
   51350    51.691 
   51400    56.616 
   51450    61.221 
   51500    54.774 
   51550    55.857 
   51600    55.760 
   51650    61.009 
   51700    60.297 
   51750    53.695 
   51800    53.224 
   51850    60.445 
   51900    58.582 
   51950    54.474 
   52000    53.759 
   52050    56.078 
   52100    58.538 
   52150    53.889 
   52200    54.815 
   52250    56.156 
   52300    53.807 
   52350    56.191 
   52400    58.361 
   52450    54.146 
   52500    57.952 
   52550    56.022 
   52600    58.845 
   52650    56.345 
   52700    60.891 
   52750    52.661 
   52800    52.173 
   52850    54.940 
   52900    56.072 
   52950    53.427 
   53000    56.872 
   53050    56.068 
   53100    53.174 
   53150    52.518 
   53200    56.398 
   53250    55.756 
   53300    57.574 
   53350    55.568 
   53400    51.227 
   53450    56.850 
   53500    61.544 
   53550    54.914 
   53600    55.809 
   53650    56.513 
   53700    57.192 
   53750    53.582 
   53800    55.486 
   53850    55.915 
   53900    57.106 
   53950    57.783 
   54000    56.042 
   54050    54.840 
   54100    55.193 
   54150    55.144 
   54200    52.310 
   54250    55.453 
   54300    57.426 
   54350    56.575 
   54400    52.096 
   54450    55.868 
   54500    54.357 
   54550    57.751 
   54600    55.693 
   54650    56.607 
   54700    53.594 
   54750    54.671 
   54800    57.644 
   54850    51.699 
   54900    53.073 
   54950    57.493 
   55000    58.039 
   55050    53.398 
   55100    55.578 
   55150    58.180 
   55200    56.122 
   55250    57.035 
   55300    54.468 
   55350    56.870 
   55400    56.821 
   55450    55.507 
   55500    55.413 
   55550    58.134 
   55600    56.435 
   55650    54.137 
   55700    54.971 
   55750    58.250 
   55800    57.510 
   55850    56.418 
   55900    55.651 
   55950    56.468 
   56000    59.161 
   56050    55.883 
   56100    57.487 
   56150    55.835 
   56200    55.736 
   56250    57.700 
   56300    55.381 
   56350    52.523 
   56400    53.902 
   56450    55.573 
   56500    59.666 
   56550    53.578 
   56600    54.495 
   56650    57.454 
   56700    54.381 
   56750    57.996 
   56800    56.032 
   56850    54.855 
   56900    53.743 
   56950    55.505 
   57000    54.606 
   57050    55.595 
   57100    53.528 
   57150    58.103 
   57200    57.084 
   57250    53.622 
   57300    56.577 
   57350    55.686 
   57400    53.808 
   57450    56.839 
   57500    57.241 
   57550    55.388 
   57600    55.850 
   57650    54.833 
   57700    57.144 
   57750    57.935 
   57800    56.946 
   57850    56.792 
   57900    57.087 
   57950    57.720 
   58000    58.816 
   58050    57.123 
   58100    57.725 
   58150    55.143 
   58200    55.003 
   58250    56.708 
   58300    58.390 
   58350    55.102 
   58400    58.438 
   58450    54.000 
   58500    54.007 
   58550    56.978 
   58600    60.521 
   58650    55.389 
   58700    54.361 
   58750    58.621 
   58800    60.219 
   58850    57.545 
   58900    54.765 
   58950    53.185 
   59000    56.822 
   59050    52.167 
   59100    53.883 
   59150    56.163 
   59200    58.442 
   59250    53.428 
   59300    54.206 
   59350    55.075 
   59400    58.642 
   59450    58.639 
   59500    52.510 
   59550    57.114 
   59600    55.687 
   59650    54.349 
   59700    52.613 
   59750    54.495 
   59800    55.191 
   59850    53.215 
   59900    54.503 
   59950    53.920 
   60000    57.980 
   60050    56.963 
   60100    54.625 
   60150    52.450 
   60200    57.396 
   60250    58.826 
   60300    57.172 
   60350    53.708 
   60400    53.841 
   60450    58.695 
   60500    59.857 
   60550    56.287 
   60600    53.910 
   60650    55.125 
   60700    59.264 
   60750    56.205 
   60800    52.214 
   60850    57.821 
   60900    61.890 
   60950    53.046 
   61000    49.434 
   61050    56.089 
   61100    57.891 
   61150    57.245 
   61200    54.614 
   61250    55.517 
   61300    56.901 
   61350    53.236 
   61400    57.139 
   61450    58.626 
   61500    55.208 
   61550    54.112 
   61600    55.302 
   61650    55.443 
   61700    51.658 
   61750    55.116 
   61800    60.113 
   61850    54.151 
   61900    49.968 
   61950    57.663 
   62000    62.549 
   62050    55.021 
   62100    50.791 
   62150    54.307 
   62200    58.652 
   62250    56.374 
   62300    50.927 
   62350    53.102 
   62400    56.073 
   62450    54.118 
   62500    55.149 
   62550    52.679 
   62600    57.027 
   62650    55.860 
   62700    54.014 
   62750    54.080 
   62800    58.990 
   62850    53.371 
   62900    54.601 
   62950    58.269 
   63000    57.409 
   63050    57.930 
   63100    57.968 
   63150    55.706 
   63200    53.125 
   63250    53.366 
   63300    57.490 
   63350    55.512 
   63400    54.418 
   63450    55.093 
   63500    56.543 
   63550    54.861 
   63600    58.629 
   63650    56.185 
   63700    55.292 
   63750    57.366 
   63800    56.781 
   63850    54.045 
   63900    54.046 
   63950    57.578 
   64000    53.896 
   64050    55.238 
   64100    54.380 
   64150    56.264 
   64200    56.720 
   64250    57.310 
   64300    55.107 
   64350    53.164 
   64400    56.081 
   64450    58.820 
   64500    55.215 
   64550    54.152 
   64600    56.689 
   64650    57.689 
   64700    58.315 
   64750    55.230 
   64800    53.441 
   64850    55.589 
   64900    56.016 
   64950    53.800 
   65000    55.206 
   65050    54.755 
   65100    56.202 
   65150    56.661 
   65200    53.253 
   65250    59.549 
   65300    57.487 
   65350    53.940 
   65400    57.842 
   65450    57.242 
   65500    51.553 
   65550    55.736 
   65600    58.400 
   65650    58.668 
   65700    53.021 
   65750    55.398 
   65800    58.692 
   65850    58.818 
   65900    53.577 
   65950    55.875 
   66000    56.358 
   66050    55.645 
   66100    52.941 
   66150    55.162 
   66200    55.002 
   66250    55.278 
   66300    55.301 
   66350    54.603 
   66400    55.773 
   66450    57.743 
   66500    57.779 
   66550    56.715 
   66600    53.430 
   66650    53.297 
   66700    56.179 
   66750    55.780 
   66800    55.312 
   66850    56.948 
   66900    54.954 
   66950    57.718 
   67000    55.785 
   67050    54.782 
   67100    54.798 
   67150    55.778 
   67200    55.546 
   67250    54.334 
   67300    50.670 
   67350    56.094 
   67400    52.658 
   67450    54.440 
   67500    55.671 
   67550    57.220 
   67600    56.074 
   67650    53.708 
   67700    58.246 
   67750    56.406 
   67800    52.624 
   67850    55.504 
   67900    54.121 
   67950    56.890 
   68000    55.092 
   68050    53.287 
   68100    59.330 
   68150    60.345 
   68200    52.589 
   68250    55.386 
   68300    56.159 
   68350    54.928 
   68400    53.745 
   68450    52.689 
   68500    58.341 
   68550    56.247 
   68600    54.003 
   68650    55.482 
   68700    58.940 
   68750    52.435 
   68800    57.521 
   68850    57.524 
   68900    56.010 
   68950    53.181 
   69000    56.510 
   69050    54.826 
   69100    57.324 
   69150    56.896 
   69200    57.074 
   69250    57.861 
   69300    57.678 
   69350    53.151 
   69400    57.035 
   69450    52.188 
   69500    52.953 
   69550    59.185 
   69600    54.840 
   69650    52.756 
   69700    58.914 
   69750    54.720 
   69800    54.346 
   69850    56.964 
   69900    53.569 
   69950    54.043 
   70000    54.567 
   70050    54.366 
   70100    55.228 
   70150    57.618 
   70200    55.392 
   70250    56.339 
   70300    53.542 
   70350    54.293 
   70400    57.245 
   70450    57.675 
   70500    53.853 
   70550    56.301 
   70600    54.460 
   70650    56.469 
   70700    56.673 
   70750    56.353 
   70800    52.098 
   70850    56.565 
   70900    58.549 
   70950    55.807 
   71000    51.530 
   71050    55.840 
   71100    57.061 
   71150    54.597 
   71200    51.758 
   71250    55.649 
   71300    55.001 
   71350    56.492 
   71400    53.571 
   71450    55.013 
   71500    56.690 
   71550    55.823 
   71600    56.240 
   71650    58.672 
   71700    56.573 
   71750    53.401 
   71800    56.042 
   71850    54.434 
   71900    56.041 
   71950    54.434 
   72000    50.565 
   72050    54.467 
   72100    55.591 
   72150    53.537 
   72200    53.971 
   72250    55.879 
   72300    54.174 
   72350    56.787 
   72400    57.283 
   72450    53.494 
   72500    55.526 
   72550    59.944 
   72600    55.275 
   72650    53.186 
   72700    52.738 
   72750    59.351 
   72800    56.789 
   72850    55.465 
   72900    56.244 
   72950    58.444 
   73000    52.192 
   73050    54.046 
   73100    56.533 
   73150    56.710 
   73200    54.799 
   73250    55.430 
   73300    54.128 
   73350    56.613 
   73400    56.807 
   73450    52.323 
   73500    56.124 
   73550    57.983 
   73600    57.161 
   73650    51.312 
   73700    55.907 
   73750    59.202 
   73800    55.649 
   73850    56.838 
   73900    56.449 
   73950    57.792 
   74000    56.593 
   74050    57.477 
   74100    54.821 
   74150    56.059 
   74200    55.077 
   74250    53.495 
   74300    54.363 
   74350    59.094 
   74400    59.757 
   74450    52.815 
   74500    58.435 
   74550    61.099 
   74600    55.192 
   74650    54.187 
   74700    59.248 
   74750    56.244 
   74800    54.139 
   74850    54.408 
   74900    54.185 
   74950    53.354 
   75000    51.567 
   75050    54.092 
   75100    56.430 
   75150    57.130 
   75200    53.782 
   75250    56.730 
   75300    54.029 
   75350    57.286 
   75400    56.109 
   75450    53.859 
   75500    54.261 
   75550    55.711 
   75600    59.440 
   75650    55.796 
   75700    52.418 
   75750    54.732 
   75800    58.001 
   75850    57.569 
   75900    54.159 
   75950    53.974 
   76000    56.182 
   76050    55.756 
   76100    52.898 
   76150    51.007 
   76200    52.974 
   76250    55.225 
   76300    56.038 
   76350    54.119 
   76400    57.445 
   76450    58.864 
   76500    55.977 
   76550    58.743 
   76600    58.003 
   76650    53.358 
   76700    55.855 
   76750    57.933 
   76800    53.345 
   76850    55.928 
   76900    55.062 
   76950    56.333 
   77000    57.970 
   77050    55.122 
   77100    55.969 
   77150    59.361 
   77200    54.744 
   77250    55.825 
   77300    57.385 
   77350    51.473 
   77400    56.455 
   77450    54.454 
   77500    53.014 
   77550    55.880 
   77600    57.090 
   77650    54.581 
   77700    54.437 
   77750    55.765 
   77800    55.780 
   77850    57.559 
   77900    53.080 
   77950    54.965 
   78000    58.278 
   78050    56.492 
   78100    53.531 
   78150    58.623 
   78200    51.150 
   78250    58.316 
   78300    61.336 
   78350    53.120 
   78400    53.632 
   78450    60.187 
   78500    50.874 
   78550    56.686 
   78600    54.982 
   78650    54.456 
   78700    55.283 
   78750    51.836 
   78800    55.605 
   78850    59.777 
   78900    49.992 
   78950    55.326 
   79000    53.296 
   79050    54.386 
   79100    56.202 
   79150    59.389 
   79200    53.489 
   79250    56.821 
   79300    55.344 
   79350    56.333 
   79400    56.373 
   79450    55.647 
   79500    54.583 
   79550    55.830 
   79600    56.691 
   79650    52.692 
   79700    56.308 
   79750    54.717 
   79800    55.338 
   79850    53.425 
   79900    56.744 
   79950    53.179 
   80000    55.885 
   80050    55.825 
   80100    55.777 
   80150    55.722 
   80200    56.094 
   80250    51.888 
   80300    58.858 
   80350    58.363 
   80400    59.236 
   80450    54.950 
   80500    52.686 
   80550    54.787 
   80600    60.508 
   80650    56.948 
   80700    54.375 
   80750    54.229 
   80800    53.871 
   80850    52.250 
   80900    57.769 
   80950    56.805 
   81000    52.606 
   81050    53.715 
   81100    56.725 
   81150    56.018 
   81200    54.560 
   81250    55.247 
   81300    53.188 
   81350    54.823 
   81400    55.273 
   81450    57.889 
   81500    54.242 
   81550    54.902 
   81600    56.013 
   81650    51.123 
   81700    55.785 
   81750    57.896 
   81800    55.345 
   81850    56.285 
   81900    59.681 
   81950    52.389 
   82000    59.999 
   82050    57.964 
   82100    52.607 
   82150    59.324 
   82200    58.759 
   82250    55.079 
   82300    55.323 
   82350    58.630 
   82400    58.291 
   82450    55.240 
   82500    53.630 
   82550    57.652 
   82600    57.338 
   82650    51.605 
   82700    55.245 
   82750    52.025 
   82800    52.129 
   82850    52.922 
   82900    53.495 
   82950    57.135 
   83000    56.710 
   83050    50.589 
   83100    53.128 
   83150    56.624 
   83200    57.044 
   83250    54.842 
   83300    50.206 
   83350    53.534 
   83400    56.985 
   83450    51.924 
   83500    56.115 
   83550    57.397 
   83600    54.583 
   83650    54.275 
   83700    55.541 
   83750    54.215 
   83800    53.070 
   83850    55.420 
   83900    59.311 
   83950    54.090 
   84000    53.692 
   84050    54.365 
   84100    56.379 
   84150    54.070 
   84200    55.811 
   84250    56.147 
   84300    52.411 
   84350    56.959 
   84400    58.024 
   84450    52.113 
   84500    52.287 
   84550    54.320 
   84600    57.283 
   84650    57.783 
   84700    57.328 
   84750    50.316 
   84800    51.990 
   84850    60.226 
   84900    54.935 
   84950    54.404 
   85000    56.379 
   85050    56.236 
   85100    52.861 
   85150    55.779 
   85200    56.702 
   85250    54.975 
   85300    53.334 
   85350    56.777 
   85400    58.346 
   85450    54.027 
   85500    58.810 
   85550    59.398 
   85600    55.917 
   85650    54.539 
   85700    58.146 
   85750    55.785 
   85800    53.406 
   85850    52.597 
   85900    55.737 
   85950    52.135 
   86000    50.421 
   86050    56.664 
   86100    55.118 
   86150    51.550 
   86200    54.429 
   86250    54.126 
   86300    56.516 
   86350    57.042 
   86400    54.841 
   86450    55.462 
   86500    54.218 
   86550    49.749 
   86600    57.067 
   86650    56.640 
   86700    55.369 
   86750    55.750 
   86800    54.768 
   86850    57.893 
   86900    55.984 
   86950    56.221 
   87000    57.079 
   87050    58.415 
   87100    54.151 
   87150    55.322 
   87200    53.005 
   87250    53.285 
   87300    54.411 
   87350    55.821 
   87400    57.386 
   87450    57.144 
   87500    53.364 
   87550    54.766 
   87600    56.542 
   87650    54.595 
   87700    53.745 
   87750    53.500 
   87800    55.386 
   87850    56.390 
   87900    52.577 
   87950    55.557 
   88000    56.389 
   88050    57.470 
   88100    58.572 
   88150    55.885 
   88200    56.986 
   88250    58.460 
   88300    57.188 
   88350    54.598 
   88400    53.433 
   88450    56.703 
   88500    51.840 
   88550    54.812 
   88600    57.456 
   88650    52.017 
   88700    53.578 
   88750    56.298 
   88800    52.046 
   88850    58.039 
   88900    56.422 
   88950    53.907 
   89000    56.809 
   89050    57.430 
   89100    51.369 
   89150    54.427 
   89200    56.931 
   89250    56.741 
   89300    54.226 
   89350    54.881 
   89400    52.517 
   89450    54.216 
   89500    55.596 
   89550    56.803 
   89600    55.196 
   89650    56.259 
   89700    56.914 
   89750    56.184 
   89800    54.686 
   89850    53.493 
   89900    54.011 
   89950    56.265 
   90000    57.633 
   90050    56.118 
   90100    52.317 
   90150    56.852 
   90200    56.771 
   90250    54.999 
   90300    51.473 
   90350    54.509 
   90400    56.949 
   90450    53.801 
   90500    53.760 
   90550    59.561 
   90600    54.910 
   90650    53.397 
   90700    58.509 
   90750    58.008 
   90800    56.190 
   90850    56.128 
   90900    56.079 
   90950    59.698 
   91000    58.673 
   91050    56.874 
   91100    52.504 
   91150    59.710 
   91200    54.100 
   91250    52.741 
   91300    55.254 
   91350    59.210 
   91400    53.531 
   91450    51.953 
   91500    56.371 
   91550    57.168 
   91600    55.523 
   91650    57.924 
   91700    54.769 
   91750    53.925 
   91800    61.158 
   91850    61.808 
   91900    57.259 
   91950    56.248 
   92000    58.685 
   92050    59.101 
   92100    54.807 
   92150    54.819 
   92200    59.268 
   92250    55.534 
   92300    53.884 
   92350    55.687 
   92400    55.240 
   92450    56.469 
   92500    54.182 
   92550    53.391 
   92600    58.958 
   92650    55.881 
   92700    52.289 
   92750    51.070 
   92800    55.873 
   92850    59.209 
   92900    57.379 
   92950    56.290 
   93000    58.328 
   93050    54.933 
   93100    55.266 
   93150    56.289 
   93200    59.103 
   93250    55.638 
   93300    53.810 
   93350    58.175 
   93400    56.270 
   93450    56.382 
   93500    57.037 
   93550    56.253 
   93600    54.708 
   93650    54.425 
   93700    53.505 
   93750    56.202 
   93800    55.908 
   93850    54.004 
   93900    56.192 
   93950    56.486 
   94000    54.438 
   94050    56.935 
   94100    54.471 
   94150    55.689 
   94200    56.785 
   94250    51.804 
   94300    53.041 
   94350    61.807 
   94400    54.531 
   94450    54.723 
   94500    57.222 
   94550    51.394 
   94600    55.948 
   94650    57.048 
   94700    58.232 
   94750    53.918 
   94800    54.454 
   94850    52.929 
   94900    55.896 
   94950    55.323 
   95000    52.246 
   95050    56.180 
   95100    55.718 
   95150    53.669 
   95200    55.474 
   95250    55.902 
   95300    55.507 
   95350    55.531 
   95400    52.039 
   95450    55.613 
   95500    56.529 
   95550    55.891 
   95600    56.154 
   95650    55.586 
   95700    56.948 
   95750    55.805 
   95800    57.964 
   95850    53.685 
   95900    54.298 
   95950    56.376 
   96000    60.036 
   96050    57.642 
   96100    53.055 
   96150    55.564 
   96200    57.777 
   96250    55.975 
   96300    56.496 
   96350    53.781 
   96400    53.361 
   96450    57.643 
   96500    56.156 
   96550    48.019 
   96600    54.231 
   96650    58.016 
   96700    55.199 
   96750    49.513 
   96800    55.448 
   96850    55.065 
   96900    53.651 
   96950    53.869 
   97000    55.939 
   97050    56.911 
   97100    55.691 
   97150    51.639 
   97200    55.847 
   97250    55.106 
   97300    56.670 
   97350    53.067 
   97400    53.840 
   97450    58.404 
   97500    57.511 
   97550    49.564 
   97600    56.907 
   97650    61.934 
   97700    54.593 
   97750    54.063 
   97800    60.328 
   97850    57.846 
   97900    52.922 
   97950    54.644 
   98000    58.430 
   98050    56.140 
   98100    55.995 
   98150    55.857 
   98200    53.458 
   98250    56.169 
   98300    59.139 
   98350    54.819 
   98400    53.526 
   98450    58.305 
   98500    53.394 
   98550    50.901 
   98600    58.336 
   98650    57.716 
   98700    53.755 
   98750    51.596 
   98800    55.986 
   98850    59.296 
   98900    56.075 
   98950    50.657 
   99000    53.306 
   99050    56.883 
   99100    57.578 
   99150    55.140 
   99200    55.244 
   99250    54.883 
   99300    57.353 
   99350    52.721 
   99400    50.558 
   99450    57.933 
   99500    59.575 
   99550    54.162 
   99600    52.745 
   99650    55.620 
   99700    56.865 
   99750    59.531 
   99800    54.284 
   99850    51.528 
   99900    55.838 
   99950    54.417 
