       0    75.707 
      50    71.390 
     100    70.267 
     150    72.190 
     200    73.845 
     250    74.312 
     300    72.224 
     350    73.415 
     400    75.961 
     450    75.127 
     500    74.467 
     550    75.717 
     600    70.913 
     650    71.818 
     700    73.380 
     750    74.457 
     800    73.332 
     850    74.573 
     900    72.507 
     950    74.550 
    1000    75.785 
    1050    74.908 
    1100    74.446 
    1150    75.923 
    1200    71.697 
    1250    72.207 
    1300    75.636 
    1350    70.873 
    1400    73.781 
    1450    68.624 
    1500    71.407 
    1550    73.016 
    1600    67.776 
    1650    69.734 
    1700    72.698 
    1750    69.046 
    1800    76.712 
    1850    70.295 
    1900    70.820 
    1950    74.306 
    2000    70.596 
    2050    75.050 
    2100    76.929 
    2150    73.737 
    2200    73.669 
    2250    71.069 
    2300    72.920 
    2350    74.753 
    2400    72.613 
    2450    72.156 
    2500    76.582 
    2550    72.284 
    2600    75.208 
    2650    70.826 
    2700    76.394 
    2750    73.519 
    2800    74.264 
    2850    75.266 
    2900    73.510 
    2950    74.433 
    3000    71.138 
    3050    71.416 
    3100    74.150 
    3150    72.907 
    3200    78.206 
    3250    73.531 
    3300    68.958 
    3350    75.070 
    3400    75.915 
    3450    70.858 
    3500    72.989 
    3550    70.957 
    3600    73.863 
    3650    76.532 
    3700    77.523 
    3750    74.129 
    3800    73.075 
    3850    73.810 
    3900    75.572 
    3950    73.361 
    4000    71.187 
    4050    71.827 
    4100    75.158 
    4150    71.929 
    4200    69.657 
    4250    76.272 
    4300    72.635 
    4350    73.375 
    4400    76.011 
    4450    77.984 
    4500    69.558 
    4550    74.775 
    4600    75.770 
    4650    69.555 
    4700    71.673 
    4750    75.761 
    4800    73.572 
    4850    72.276 
    4900    75.084 
    4950    71.505 
    5000    75.580 
    5050    76.735 
    5100    75.097 
    5150    72.970 
    5200    74.843 
    5250    73.650 
    5300    72.134 
    5350    72.653 
    5400    73.154 
    5450    76.385 
    5500    73.101 
    5550    68.097 
    5600    71.469 
    5650    73.049 
    5700    70.948 
    5750    71.471 
    5800    75.966 
    5850    71.556 
    5900    73.489 
    5950    76.538 
    6000    70.851 
    6050    68.092 
    6100    76.077 
    6150    74.902 
    6200    71.609 
    6250    78.374 
    6300    72.513 
    6350    71.637 
    6400    74.812 
    6450    77.025 
    6500    67.774 
    6550    74.417 
    6600    70.011 
    6650    72.994 
    6700    72.654 
    6750    74.881 
    6800    72.228 
    6850    76.866 
    6900    71.976 
    6950    71.791 
    7000    78.674 
    7050    70.032 
    7100    74.620 
    7150    74.859 
    7200    69.131 
    7250    71.893 
    7300    74.321 
    7350    74.407 
    7400    76.845 
    7450    71.814 
    7500    72.418 
    7550    77.871 
    7600    72.832 
    7650    74.216 
    7700    72.624 
    7750    71.010 
    7800    72.371 
    7850    71.412 
    7900    75.478 
    7950    70.997 
    8000    71.021 
    8050    73.635 
    8100    73.801 
    8150    71.967 
    8200    69.047 
    8250    74.664 
    8300    72.881 
    8350    68.463 
    8400    73.873 
    8450    75.098 
    8500    67.724 
    8550    73.799 
    8600    67.360 
    8650    71.278 
    8700    72.726 
    8750    67.992 
    8800    76.058 
    8850    71.983 
    8900    68.739 
    8950    73.327 
    9000    72.338 
    9050    72.989 
    9100    73.012 
    9150    75.146 
    9200    75.177 
    9250    73.273 
    9300    75.174 
    9350    74.857 
    9400    71.230 
    9450    76.224 
    9500    74.873 
    9550    74.110 
    9600    72.105 
    9650    73.089 
    9700    74.557 
    9750    74.334 
    9800    74.315 
    9850    75.174 
    9900    75.578 
    9950    74.188 
   10000    76.217 
   10050    73.563 
   10100    71.008 
   10150    72.275 
   10200    75.871 
   10250    73.032 
   10300    72.352 
   10350    72.725 
   10400    66.475 
   10450    73.623 
   10500    73.050 
   10550    72.255 
   10600    72.514 
   10650    70.733 
   10700    73.412 
   10750    75.701 
   10800    75.636 
   10850    75.083 
   10900    74.328 
   10950    72.799 
   11000    73.719 
   11050    77.292 
   11100    72.384 
   11150    73.713 
   11200    71.955 
   11250    73.078 
   11300    73.908 
   11350    74.773 
   11400    75.719 
   11450    72.526 
   11500    73.654 
   11550    73.316 
   11600    75.574 
   11650    74.771 
   11700    70.596 
   11750    73.765 
   11800    75.920 
   11850    72.941 
   11900    70.783 
   11950    72.079 
   12000    73.379 
   12050    72.440 
   12100    72.828 
   12150    74.032 
   12200    74.135 
   12250    75.973 
   12300    71.988 
   12350    78.230 
   12400    76.836 
   12450    73.278 
   12500    76.886 
   12550    72.673 
   12600    71.751 
   12650    78.736 
   12700    71.331 
   12750    74.716 
   12800    77.353 
   12850    73.009 
   12900    73.336 
   12950    75.582 
   13000    69.694 
   13050    76.499 
   13100    70.602 
   13150    75.106 
   13200    77.132 
   13250    73.452 
   13300    75.887 
   13350    74.889 
   13400    70.668 
   13450    77.659 
   13500    74.192 
   13550    72.113 
   13600    74.298 
   13650    72.552 
   13700    75.468 
   13750    68.361 
   13800    70.575 
   13850    73.894 
   13900    71.071 
   13950    74.261 
   14000    70.396 
   14050    74.303 
   14100    75.865 
   14150    70.058 
   14200    74.974 
   14250    74.191 
   14300    70.786 
   14350    75.104 
   14400    71.027 
   14450    74.883 
   14500    72.410 
   14550    71.204 
   14600    76.766 
   14650    73.808 
   14700    74.001 
   14750    76.954 
   14800    70.497 
   14850    73.081 
   14900    71.340 
   14950    74.384 
   15000    72.393 
   15050    72.834 
   15100    70.562 
   15150    72.988 
   15200    72.809 
   15250    74.023 
   15300    72.820 
   15350    72.330 
   15400    75.512 
   15450    70.034 
   15500    74.684 
   15550    74.079 
   15600    71.077 
   15650    75.746 
   15700    71.135 
   15750    72.101 
   15800    75.764 
   15850    73.152 
   15900    68.358 
   15950    74.817 
   16000    76.452 
   16050    71.880 
   16100    72.705 
   16150    76.273 
   16200    68.644 
   16250    72.421 
   16300    77.680 
   16350    71.340 
   16400    74.612 
   16450    72.379 
   16500    71.177 
   16550    77.257 
   16600    74.966 
   16650    70.569 
   16700    75.370 
   16750    72.087 
   16800    75.252 
   16850    71.235 
   16900    71.193 
   16950    72.197 
   17000    72.489 
   17050    74.533 
   17100    77.889 
   17150    70.750 
   17200    75.092 
   17250    73.349 
   17300    71.003 
   17350    74.717 
   17400    70.673 
   17450    73.076 
   17500    72.717 
   17550    71.796 
   17600    73.132 
   17650    72.969 
   17700    72.873 
   17750    71.000 
   17800    72.338 
   17850    76.331 
   17900    71.510 
   17950    74.759 
   18000    70.745 
   18050    73.920 
   18100    76.350 
   18150    72.428 
   18200    75.024 
   18250    69.337 
   18300    69.995 
   18350    74.942 
   18400    67.666 
   18450    74.617 
   18500    74.483 
   18550    67.634 
   18600    73.579 
   18650    72.186 
   18700    69.297 
   18750    73.688 
   18800    66.778 
   18850    74.777 
   18900    73.459 
   18950    70.204 
   19000    74.650 
   19050    69.925 
   19100    74.339 
   19150    76.055 
   19200    69.745 
   19250    73.515 
   19300    76.179 
   19350    70.588 
   19400    78.105 
   19450    68.708 
   19500    76.706 
   19550    74.561 
   19600    70.558 
   19650    71.927 
   19700    71.171 
   19750    76.763 
   19800    72.492 
   19850    75.187 
   19900    72.211 
   19950    74.751 
   20000    73.878 
   20050    75.218 
   20100    71.715 
   20150    74.627 
   20200    71.906 
   20250    72.313 
   20300    73.453 
   20350    72.612 
   20400    76.797 
   20450    71.606 
   20500    76.881 
   20550    74.711 
   20600    73.516 
   20650    74.636 
   20700    76.631 
   20750    74.932 
   20800    75.138 
   20850    76.193 
   20900    74.816 
   20950    71.122 
   21000    72.976 
   21050    76.477 
   21100    71.793 
   21150    71.899 
   21200    72.737 
   21250    74.007 
   21300    73.880 
   21350    73.600 
   21400    75.316 
   21450    73.866 
   21500    73.548 
   21550    77.404 
   21600    73.932 
   21650    71.435 
   21700    73.437 
   21750    73.727 
   21800    71.737 
   21850    76.958 
   21900    70.676 
   21950    70.221 
   22000    71.921 
   22050    67.919 
   22100    75.428 
   22150    74.679 
   22200    71.847 
   22250    76.090 
   22300    68.147 
   22350    71.213 
   22400    73.791 
   22450    70.951 
   22500    75.326 
   22550    74.050 
   22600    70.879 
   22650    72.199 
   22700    72.878 
   22750    73.784 
   22800    75.750 
   22850    69.719 
   22900    71.565 
   22950    72.422 
   23000    72.415 
   23050    78.546 
   23100    72.559 
   23150    74.260 
   23200    70.674 
   23250    72.581 
   23300    74.687 
   23350    72.833 
   23400    72.860 
   23450    73.156 
   23500    69.773 
   23550    73.314 
   23600    68.331 
   23650    73.982 
   23700    70.278 
   23750    75.738 
   23800    70.469 
   23850    73.087 
   23900    75.067 
   23950    73.086 
   24000    76.392 
   24050    73.938 
   24100    74.713 
   24150    78.042 
   24200    71.969 
   24250    77.029 
   24300    76.667 
   24350    74.528 
   24400    75.239 
   24450    72.562 
   24500    75.013 
   24550    75.210 
   24600    69.979 
   24650    71.810 
   24700    73.470 
   24750    74.493 
   24800    73.136 
   24850    74.932 
   24900    76.336 
   24950    76.931 
   25000    72.831 
   25050    72.715 
   25100    71.420 
   25150    71.024 
   25200    75.727 
   25250    73.172 
   25300    73.341 
   25350    74.472 
   25400    71.665 
   25450    70.449 
   25500    76.274 
   25550    75.780 
   25600    75.692 
   25650    75.789 
   25700    72.577 
   25750    73.350 
   25800    76.572 
   25850    75.112 
   25900    72.432 
   25950    73.043 
   26000    74.447 
   26050    70.816 
   26100    70.961 
   26150    71.484 
   26200    72.245 
   26250    72.923 
   26300    71.782 
   26350    72.407 
   26400    75.202 
   26450    70.965 
   26500    70.208 
   26550    74.339 
   26600    68.864 
   26650    73.389 
   26700    74.362 
   26750    75.434 
   26800    73.007 
   26850    74.625 
   26900    71.955 
   26950    70.828 
   27000    73.289 
   27050    72.779 
   27100    69.034 
   27150    70.788 
   27200    69.582 
   27250    70.863 
   27300    72.790 
   27350    72.474 
   27400    70.839 
   27450    73.540 
   27500    72.791 
   27550    70.184 
   27600    71.695 
   27650    71.389 
   27700    73.590 
   27750    73.833 
   27800    72.504 
   27850    74.178 
   27900    70.887 
   27950    73.136 
   28000    75.517 
   28050    73.696 
   28100    75.648 
   28150    69.810 
   28200    74.936 
   28250    71.505 
   28300    72.303 
   28350    79.736 
   28400    75.753 
   28450    71.125 
   28500    76.558 
   28550    74.349 
   28600    68.677 
   28650    74.531 
   28700    71.024 
   28750    73.567 
   28800    72.976 
   28850    70.094 
   28900    75.237 
   28950    73.417 
   29000    74.278 
   29050    73.620 
   29100    71.097 
   29150    72.781 
   29200    74.454 
   29250    77.127 
   29300    76.748 
   29350    75.798 
   29400    79.373 
   29450    72.898 
   29500    72.083 
   29550    76.062 
   29600    72.549 
   29650    70.798 
   29700    75.197 
   29750    76.026 
   29800    72.667 
   29850    70.637 
   29900    74.083 
   29950    72.210 
   30000    72.357 
   30050    74.304 
   30100    71.346 
   30150    72.270 
   30200    71.076 
   30250    73.069 
   30300    76.746 
   30350    73.542 
   30400    74.374 
   30450    71.497 
   30500    69.928 
   30550    72.573 
   30600    73.669 
   30650    73.547 
   30700    69.488 
   30750    71.614 
   30800    72.198 
   30850    70.913 
   30900    74.617 
   30950    74.631 
   31000    72.201 
   31050    72.273 
   31100    74.742 
   31150    72.733 
   31200    76.523 
   31250    75.488 
   31300    75.021 
   31350    71.641 
   31400    71.793 
   31450    72.386 
   31500    76.371 
   31550    72.193 
   31600    77.249 
   31650    74.918 
   31700    75.337 
   31750    76.755 
   31800    72.733 
   31850    72.608 
   31900    71.272 
   31950    72.622 
   32000    77.295 
   32050    75.889 
   32100    71.801 
   32150    74.355 
   32200    72.393 
   32250    75.840 
   32300    75.304 
   32350    74.460 
   32400    76.393 
   32450    72.356 
   32500    75.915 
   32550    77.981 
   32600    73.883 
   32650    75.293 
   32700    73.961 
   32750    74.982 
   32800    73.685 
   32850    74.163 
   32900    73.889 
   32950    72.270 
   33000    77.131 
   33050    76.427 
   33100    67.466 
   33150    74.732 
   33200    72.639 
   33250    74.926 
   33300    78.736 
   33350    73.602 
   33400    73.960 
   33450    74.500 
   33500    75.669 
   33550    72.345 
   33600    68.946 
   33650    75.075 
   33700    75.248 
   33750    71.209 
   33800    72.565 
   33850    74.414 
   33900    72.387 
   33950    73.915 
   34000    70.287 
   34050    75.037 
   34100    71.633 
   34150    69.041 
   34200    76.790 
   34250    69.199 
   34300    72.291 
   34350    74.616 
   34400    72.710 
   34450    74.054 
   34500    74.395 
   34550    71.532 
   34600    72.178 
   34650    71.863 
   34700    76.268 
   34750    71.857 
   34800    69.914 
   34850    74.288 
   34900    72.835 
   34950    71.425 
   35000    76.394 
   35050    69.942 
   35100    76.521 
   35150    71.367 
   35200    70.524 
   35250    77.764 
   35300    74.225 
   35350    70.617 
   35400    73.134 
   35450    71.129 
   35500    73.228 
   35550    76.213 
   35600    70.272 
   35650    76.660 
   35700    72.985 
   35750    74.912 
   35800    73.186 
   35850    72.512 
   35900    78.837 
   35950    74.173 
   36000    72.526 
   36050    75.398 
   36100    69.049 
   36150    77.834 
   36200    73.241 
   36250    71.000 
   36300    75.925 
   36350    69.956 
   36400    73.294 
   36450    75.792 
   36500    69.808 
   36550    76.617 
   36600    72.170 
   36650    74.923 
   36700    75.531 
   36750    70.100 
   36800    75.272 
   36850    72.476 
   36900    71.629 
   36950    73.148 
   37000    71.828 
   37050    76.418 
   37100    69.489 
   37150    70.670 
   37200    74.046 
   37250    70.325 
   37300    74.051 
   37350    73.553 
   37400    72.293 
   37450    76.399 
   37500    70.257 
   37550    78.438 
   37600    73.792 
   37650    72.222 
   37700    78.009 
   37750    72.321 
   37800    74.535 
   37850    72.380 
   37900    72.538 
   37950    75.305 
   38000    71.630 
   38050    67.050 
   38100    75.672 
   38150    70.657 
   38200    71.922 
   38250    74.247 
   38300    71.080 
   38350    73.491 
   38400    73.079 
   38450    69.382 
   38500    78.894 
   38550    69.897 
   38600    75.145 
   38650    76.293 
   38700    70.886 
   38750    77.178 
   38800    73.936 
   38850    73.542 
   38900    77.873 
   38950    71.622 
   39000    74.361 
   39050    74.799 
   39100    73.415 
   39150    80.896 
   39200    71.583 
   39250    72.753 
   39300    77.689 
   39350    71.905 
   39400    73.580 
   39450    74.027 
   39500    70.748 
   39550    76.468 
   39600    75.705 
   39650    72.008 
   39700    75.809 
   39750    72.220 
   39800    75.057 
   39850    73.896 
   39900    76.029 
   39950    76.258 
   40000    74.048 
   40050    71.971 
   40100    74.790 
   40150    74.369 
   40200    75.727 
   40250    73.803 
   40300    74.346 
   40350    70.801 
   40400    69.797 
   40450    72.197 
   40500    71.853 
   40550    70.778 
   40600    72.607 
   40650    72.022 
   40700    72.345 
   40750    71.212 
   40800    71.525 
   40850    74.762 
   40900    72.622 
   40950    73.399 
   41000    75.389 
   41050    72.509 
   41100    72.262 
   41150    75.952 
   41200    74.058 
   41250    69.846 
   41300    75.733 
   41350    78.206 
   41400    71.790 
   41450    74.146 
   41500    81.141 
   41550    70.960 
   41600    70.567 
   41650    75.396 
   41700    74.580 
   41750    70.465 
   41800    74.779 
   41850    74.539 
   41900    73.229 
   41950    71.291 
   42000    72.660 
   42050    75.053 
   42100    74.752 
   42150    71.661 
   42200    80.111 
   42250    73.922 
   42300    70.218 
   42350    73.875 
   42400    75.537 
   42450    74.224 
   42500    75.054 
   42550    74.933 
   42600    75.004 
   42650    70.564 
   42700    72.925 
   42750    73.338 
   42800    74.521 
   42850    74.839 
   42900    74.557 
   42950    75.035 
   43000    72.241 
   43050    72.233 
   43100    69.895 
   43150    77.225 
   43200    74.568 
   43250    74.380 
   43300    71.237 
   43350    72.021 
   43400    68.792 
   43450    74.412 
   43500    71.754 
   43550    72.679 
   43600    72.288 
   43650    73.581 
   43700    73.063 
   43750    69.817 
   43800    74.898 
   43850    74.331 
   43900    73.739 
   43950    71.411 
   44000    70.641 
   44050    74.567 
   44100    72.416 
   44150    72.784 
   44200    73.373 
   44250    72.230 
   44300    71.326 
   44350    76.254 
   44400    74.846 
   44450    74.038 
   44500    73.466 
   44550    75.143 
   44600    74.177 
   44650    74.100 
   44700    75.650 
   44750    75.565 
   44800    73.919 
   44850    69.215 
   44900    69.385 
   44950    72.263 
   45000    70.573 
   45050    73.537 
   45100    74.069 
   45150    73.435 
   45200    67.848 
   45250    73.488 
   45300    74.361 
   45350    75.259 
   45400    75.226 
   45450    74.420 
   45500    79.927 
   45550    73.083 
   45600    73.889 
   45650    74.966 
   45700    71.936 
   45750    75.704 
   45800    72.966 
   45850    76.581 
   45900    72.243 
   45950    70.118 
   46000    73.498 
   46050    73.653 
   46100    71.905 
   46150    72.777 
   46200    73.345 
   46250    73.433 
   46300    75.895 
   46350    76.183 
   46400    71.765 
   46450    75.941 
   46500    73.735 
   46550    74.264 
   46600    74.758 
   46650    74.012 
   46700    72.904 
   46750    73.418 
   46800    73.782 
   46850    76.228 
   46900    75.007 
   46950    74.177 
   47000    75.981 
   47050    74.513 
   47100    75.013 
   47150    71.358 
   47200    74.083 
   47250    77.451 
   47300    74.939 
   47350    72.718 
   47400    76.721 
   47450    73.525 
   47500    72.353 
   47550    76.604 
   47600    74.552 
   47650    72.814 
   47700    73.832 
   47750    74.520 
   47800    72.567 
   47850    71.767 
   47900    75.241 
   47950    77.798 
   48000    73.730 
   48050    74.438 
   48100    71.483 
   48150    76.162 
   48200    74.014 
   48250    74.661 
   48300    75.608 
   48350    70.561 
   48400    72.692 
   48450    73.110 
   48500    76.347 
   48550    71.479 
   48600    72.841 
   48650    76.124 
   48700    73.942 
   48750    74.828 
   48800    76.186 
   48850    73.220 
   48900    72.951 
   48950    74.799 
   49000    70.511 
   49050    74.443 
   49100    75.846 
   49150    71.197 
   49200    73.416 
   49250    74.033 
   49300    72.709 
   49350    72.279 
   49400    71.824 
   49450    72.253 
   49500    76.745 
   49550    73.906 
   49600    74.145 
   49650    69.726 
   49700    67.109 
   49750    74.744 
   49800    73.270 
   49850    74.744 
   49900    72.672 
   49950    70.942 
   50000    75.998 
   50050    77.098 
   50100    73.849 
   50150    74.553 
   50200    71.676 
   50250    74.094 
   50300    79.125 
   50350    71.733 
   50400    74.864 
   50450    76.096 
   50500    72.305 
   50550    72.252 
   50600    74.944 
   50650    78.658 
   50700    76.616 
   50750    74.898 
   50800    76.499 
   50850    73.825 
   50900    74.278 
   50950    73.923 
   51000    72.332 
   51050    74.117 
   51100    74.307 
   51150    71.213 
   51200    74.007 
   51250    72.765 
   51300    74.679 
   51350    73.124 
   51400    70.813 
   51450    77.690 
   51500    73.847 
   51550    73.464 
   51600    75.361 
   51650    72.353 
   51700    73.679 
   51750    73.231 
   51800    69.192 
   51850    73.855 
   51900    72.021 
   51950    69.870 
   52000    71.638 
   52050    74.498 
   52100    73.227 
   52150    75.369 
   52200    71.124 
   52250    74.117 
   52300    72.009 
   52350    70.120 
   52400    71.652 
   52450    72.932 
   52500    69.326 
   52550    76.930 
   52600    71.789 
   52650    73.017 
   52700    75.742 
   52750    70.291 
   52800    75.690 
   52850    71.138 
   52900    71.279 
   52950    77.678 
   53000    72.069 
   53050    73.863 
   53100    74.817 
   53150    73.309 
   53200    73.143 
   53250    71.289 
   53300    73.044 
   53350    71.437 
   53400    67.027 
   53450    76.440 
   53500    74.064 
   53550    72.726 
   53600    74.721 
   53650    72.975 
   53700    73.637 
   53750    69.304 
   53800    74.822 
   53850    79.150 
   53900    73.405 
   53950    75.959 
   54000    72.314 
   54050    68.046 
   54100    73.124 
   54150    70.295 
   54200    75.565 
   54250    70.189 
   54300    70.936 
   54350    73.155 
   54400    73.297 
   54450    69.219 
   54500    72.273 
   54550    74.092 
   54600    75.458 
   54650    75.040 
   54700    74.234 
   54750    71.220 
   54800    75.927 
   54850    74.505 
   54900    71.691 
   54950    75.180 
   55000    72.251 
   55050    71.138 
   55100    73.892 
   55150    73.562 
   55200    70.088 
   55250    76.058 
   55300    71.839 
   55350    75.093 
   55400    72.339 
   55450    73.090 
   55500    74.715 
   55550    77.586 
   55600    73.721 
   55650    75.938 
   55700    75.356 
   55750    72.689 
   55800    77.372 
   55850    73.342 
   55900    74.917 
   55950    75.795 
   56000    76.852 
   56050    72.262 
   56100    76.124 
   56150    71.083 
   56200    76.392 
   56250    73.434 
   56300    73.360 
   56350    72.224 
   56400    71.896 
   56450    74.300 
   56500    73.509 
   56550    71.958 
   56600    75.354 
   56650    75.041 
   56700    73.426 
   56750    71.221 
   56800    76.010 
   56850    74.229 
   56900    72.239 
   56950    71.460 
   57000    74.940 
   57050    72.355 
   57100    73.612 
   57150    72.325 
   57200    74.577 
   57250    73.646 
   57300    73.487 
   57350    71.988 
   57400    75.904 
   57450    71.947 
   57500    71.160 
   57550    71.634 
   57600    74.084 
   57650    72.054 
   57700    73.215 
   57750    74.399 
   57800    74.443 
   57850    71.504 
   57900    72.182 
   57950    71.993 
   58000    71.704 
   58050    70.507 
   58100    71.283 
   58150    70.806 
   58200    70.025 
   58250    73.146 
   58300    71.366 
   58350    75.160 
   58400    73.139 
   58450    76.611 
   58500    74.638 
   58550    76.484 
   58600    70.827 
   58650    76.329 
   58700    74.087 
   58750    74.145 
   58800    71.783 
   58850    74.028 
   58900    74.362 
   58950    74.243 
   59000    71.952 
   59050    72.901 
   59100    72.497 
   59150    70.177 
   59200    66.272 
   59250    74.672 
   59300    73.014 
   59350    74.710 
   59400    75.960 
   59450    74.963 
   59500    74.461 
   59550    75.936 
   59600    73.398 
   59650    76.686 
   59700    74.820 
   59750    75.304 
   59800    71.387 
   59850    76.192 
   59900    71.983 
   59950    69.203 
   60000    72.929 
   60050    75.099 
   60100    71.182 
   60150    74.693 
   60200    72.246 
   60250    74.214 
   60300    70.713 
   60350    74.247 
   60400    70.374 
   60450    71.427 
   60500    72.453 
   60550    72.554 
   60600    72.649 
   60650    71.823 
   60700    73.212 
   60750    73.759 
   60800    77.541 
   60850    70.936 
   60900    70.331 
   60950    71.737 
   61000    76.220 
   61050    72.683 
   61100    76.964 
   61150    77.386 
   61200    73.062 
   61250    76.951 
   61300    78.030 
   61350    78.206 
   61400    78.392 
   61450    74.613 
   61500    73.956 
   61550    80.723 
   61600    74.858 
   61650    75.628 
   61700    74.218 
   61750    73.965 
   61800    71.496 
   61850    75.301 
   61900    66.782 
   61950    71.090 
   62000    69.727 
   62050    72.028 
   62100    72.096 
   62150    73.221 
   62200    69.647 
   62250    76.353 
   62300    74.007 
   62350    75.346 
   62400    72.433 
   62450    75.052 
   62500    74.855 
   62550    69.586 
   62600    76.100 
   62650    73.653 
   62700    71.491 
   62750    74.505 
   62800    72.734 
   62850    70.995 
   62900    74.148 
   62950    70.913 
   63000    74.846 
   63050    71.669 
   63100    72.172 
   63150    75.122 
   63200    69.480 
   63250    75.959 
   63300    77.347 
   63350    77.982 
   63400    75.036 
   63450    75.196 
   63500    73.090 
   63550    75.304 
   63600    69.883 
   63650    74.268 
   63700    74.901 
   63750    73.886 
   63800    70.693 
   63850    73.144 
   63900    72.935 
   63950    73.098 
   64000    71.930 
   64050    70.725 
   64100    72.847 
   64150    71.434 
   64200    73.321 
   64250    76.327 
   64300    75.749 
   64350    72.075 
   64400    74.413 
   64450    72.496 
   64500    74.800 
   64550    74.255 
   64600    72.901 
   64650    75.007 
   64700    73.010 
   64750    72.958 
   64800    75.292 
   64850    74.065 
   64900    68.721 
   64950    72.070 
   65000    70.487 
   65050    72.990 
   65100    72.630 
   65150    72.971 
   65200    76.042 
   65250    72.419 
   65300    72.242 
   65350    76.198 
   65400    72.436 
   65450    75.866 
   65500    72.745 
   65550    75.494 
   65600    76.600 
   65650    77.630 
   65700    69.636 
   65750    71.759 
   65800    71.871 
   65850    72.965 
   65900    75.557 
   65950    77.368 
   66000    73.111 
   66050    73.332 
   66100    75.195 
   66150    74.181 
   66200    72.959 
   66250    72.825 
   66300    72.036 
   66350    76.749 
   66400    69.302 
   66450    72.248 
   66500    71.609 
   66550    69.918 
   66600    74.128 
   66650    70.803 
   66700    70.157 
   66750    76.778 
   66800    70.757 
   66850    71.183 
   66900    74.804 
   66950    70.751 
   67000    74.712 
   67050    78.894 
   67100    73.488 
   67150    72.656 
   67200    77.037 
   67250    76.055 
   67300    73.911 
   67350    76.288 
   67400    74.674 
   67450    75.454 
   67500    70.024 
   67550    70.623 
   67600    75.376 
   67650    72.471 
   67700    74.135 
   67750    74.086 
   67800    72.450 
   67850    72.325 
   67900    75.674 
   67950    71.615 
   68000    74.211 
   68050    75.954 
   68100    75.951 
   68150    72.467 
   68200    74.435 
   68250    74.474 
   68300    75.354 
   68350    70.584 
   68400    73.416 
   68450    76.956 
   68500    72.215 
   68550    74.018 
   68600    74.538 
   68650    75.174 
   68700    76.265 
   68750    73.684 
   68800    75.819 
   68850    77.396 
   68900    73.591 
   68950    73.834 
   69000    74.891 
   69050    75.202 
   69100    71.967 
   69150    75.291 
   69200    74.062 
   69250    72.001 
   69300    72.963 
   69350    71.031 
   69400    75.701 
   69450    74.115 
   69500    73.371 
   69550    76.659 
   69600    72.714 
   69650    73.594 
   69700    74.535 
   69750    68.673 
   69800    73.189 
   69850    77.122 
   69900    70.757 
   69950    74.937 
   70000    74.366 
   70050    71.528 
   70100    75.890 
   70150    73.946 
   70200    70.858 
   70250    74.900 
   70300    69.664 
   70350    72.103 
   70400    75.007 
   70450    74.079 
   70500    70.736 
   70550    72.952 
   70600    69.923 
   70650    72.224 
   70700    75.477 
   70750    71.694 
   70800    71.739 
   70850    75.270 
   70900    74.291 
   70950    70.521 
   71000    74.884 
   71050    75.542 
   71100    78.561 
   71150    74.112 
   71200    74.429 
   71250    75.319 
   71300    77.441 
   71350    72.750 
   71400    73.634 
   71450    73.150 
   71500    73.020 
   71550    73.803 
   71600    74.613 
   71650    74.374 
   71700    73.785 
   71750    72.309 
   71800    73.237 
   71850    71.927 
   71900    77.310 
   71950    74.673 
   72000    72.760 
   72050    73.342 
   72100    71.705 
   72150    73.896 
   72200    74.979 
   72250    68.229 
   72300    76.549 
   72350    77.315 
   72400    70.788 
   72450    73.449 
   72500    79.860 
   72550    72.900 
   72600    72.032 
   72650    73.964 
   72700    72.717 
   72750    76.457 
   72800    75.145 
   72850    71.696 
   72900    75.154 
   72950    74.155 
   73000    70.394 
   73050    74.522 
   73100    72.778 
   73150    74.396 
   73200    74.319 
   73250    77.289 
   73300    73.161 
   73350    71.073 
   73400    74.877 
   73450    74.979 
   73500    73.971 
   73550    77.161 
   73600    71.855 
   73650    75.358 
   73700    72.740 
   73750    73.357 
   73800    74.620 
   73850    73.763 
   73900    69.424 
   73950    75.449 
   74000    76.986 
   74050    74.719 
   74100    72.738 
   74150    74.733 
   74200    71.241 
   74250    75.759 
   74300    78.823 
   74350    74.015 
   74400    73.790 
   74450    75.964 
   74500    74.445 
   74550    73.466 
   74600    74.109 
   74650    77.838 
   74700    74.380 
   74750    71.396 
   74800    76.611 
   74850    78.384 
   74900    70.977 
   74950    75.945 
   75000    76.648 
   75050    72.892 
   75100    71.678 
   75150    75.100 
   75200    72.332 
   75250    74.965 
   75300    74.187 
   75350    73.949 
   75400    76.913 
   75450    72.388 
   75500    76.780 
   75550    76.597 
   75600    72.137 
   75650    75.060 
   75700    76.012 
   75750    70.894 
   75800    77.125 
   75850    75.162 
   75900    72.522 
   75950    71.046 
   76000    69.576 
   76050    74.690 
   76100    72.864 
   76150    71.973 
   76200    74.317 
   76250    72.500 
   76300    72.250 
   76350    70.977 
   76400    73.292 
   76450    73.729 
   76500    69.225 
   76550    76.863 
   76600    75.293 
   76650    71.966 
   76700    73.107 
   76750    70.618 
   76800    76.006 
   76850    75.441 
   76900    69.355 
   76950    73.453 
   77000    71.649 
   77050    70.378 
   77100    75.367 
   77150    72.626 
   77200    73.145 
   77250    73.354 
   77300    71.000 
   77350    72.508 
   77400    75.545 
   77450    74.173 
   77500    69.953 
   77550    72.001 
   77600    72.891 
   77650    72.272 
   77700    76.342 
   77750    72.471 
   77800    69.824 
   77850    73.187 
   77900    71.670 
   77950    75.506 
   78000    73.625 
   78050    72.175 
   78100    73.409 
   78150    73.650 
   78200    71.188 
   78250    70.420 
   78300    72.235 
   78350    73.870 
   78400    70.458 
   78450    78.672 
   78500    71.735 
   78550    73.942 
   78600    73.871 
   78650    71.151 
   78700    73.508 
   78750    75.252 
   78800    71.879 
   78850    74.339 
   78900    71.983 
   78950    72.950 
   79000    73.385 
   79050    73.852 
   79100    72.421 
   79150    71.879 
   79200    72.961 
   79250    73.499 
   79300    72.743 
   79350    75.962 
   79400    73.671 
   79450    72.325 
   79500    76.723 
   79550    73.544 
   79600    73.864 
   79650    76.371 
   79700    73.340 
   79750    73.429 
   79800    74.118 
   79850    70.765 
   79900    72.398 
   79950    72.710 
   80000    75.639 
   80050    70.602 
   80100    72.161 
   80150    69.994 
   80200    72.931 
   80250    73.654 
   80300    75.225 
   80350    71.417 
   80400    75.417 
   80450    73.556 
   80500    70.901 
   80550    73.090 
   80600    72.015 
   80650    73.085 
   80700    76.325 
   80750    72.750 
   80800    71.310 
   80850    74.758 
   80900    73.528 
   80950    73.091 
   81000    72.286 
   81050    75.835 
   81100    67.874 
   81150    73.561 
   81200    76.815 
   81250    73.060 
   81300    72.149 
   81350    72.576 
   81400    71.874 
   81450    72.844 
   81500    74.322 
   81550    70.385 
   81600    73.513 
   81650    74.869 
   81700    72.715 
   81750    72.410 
   81800    73.027 
   81850    73.305 
   81900    74.998 
   81950    74.932 
   82000    74.238 
   82050    70.160 
   82100    77.120 
   82150    69.193 
   82200    74.240 
   82250    74.355 
   82300    69.922 
   82350    70.904 
   82400    76.797 
   82450    72.932 
   82500    70.453 
   82550    73.289 
   82600    73.384 
   82650    74.114 
   82700    72.676 
   82750    75.501 
   82800    73.479 
   82850    70.342 
   82900    75.478 
   82950    75.773 
   83000    76.429 
   83050    71.719 
   83100    76.673 
   83150    74.413 
   83200    70.854 
   83250    73.952 
   83300    75.087 
   83350    73.586 
   83400    73.827 
   83450    73.485 
   83500    75.001 
   83550    73.417 
   83600    75.979 
   83650    74.494 
   83700    70.934 
   83750    71.717 
   83800    74.387 
   83850    73.250 
   83900    73.177 
   83950    73.387 
   84000    73.559 
   84050    75.902 
   84100    73.771 
   84150    71.584 
   84200    78.204 
   84250    72.213 
   84300    69.607 
   84350    76.662 
   84400    77.228 
   84450    73.523 
   84500    77.055 
   84550    73.059 
   84600    70.621 
   84650    72.914 
   84700    74.206 
   84750    73.679 
   84800    71.184 
   84850    75.702 
   84900    73.293 
   84950    70.743 
   85000    73.297 
   85050    75.032 
   85100    72.685 
   85150    73.506 
   85200    75.309 
   85250    73.181 
   85300    72.396 
   85350    76.712 
   85400    72.925 
   85450    70.479 
   85500    74.269 
   85550    73.513 
   85600    71.228 
   85650    75.733 
   85700    72.727 
   85750    75.213 
   85800    74.323 
   85850    75.212 
   85900    73.909 
   85950    70.041 
   86000    71.283 
   86050    76.005 
   86100    75.200 
   86150    71.968 
   86200    76.579 
   86250    73.793 
   86300    72.833 
   86350    75.053 
   86400    71.884 
   86450    72.209 
   86500    76.543 
   86550    74.129 
   86600    77.971 
   86650    75.536 
   86700    73.183 
   86750    77.658 
   86800    72.097 
   86850    70.693 
   86900    72.623 
   86950    70.346 
   87000    72.307 
   87050    73.237 
   87100    71.633 
   87150    74.815 
   87200    74.217 
   87250    73.368 
   87300    71.511 
   87350    72.159 
   87400    73.331 
   87450    76.933 
   87500    72.013 
   87550    73.708 
   87600    74.040 
   87650    69.424 
   87700    76.913 
   87750    70.386 
   87800    73.133 
   87850    72.963 
   87900    70.692 
   87950    75.023 
   88000    74.134 
   88050    72.731 
   88100    75.956 
   88150    72.113 
   88200    72.239 
   88250    74.817 
   88300    72.059 
   88350    74.376 
   88400    76.861 
   88450    70.128 
   88500    76.462 
   88550    71.375 
   88600    71.940 
   88650    78.435 
   88700    68.355 
   88750    75.666 
   88800    72.721 
   88850    72.035 
   88900    74.233 
   88950    72.364 
   89000    71.127 
   89050    73.155 
   89100    69.604 
   89150    74.430 
   89200    74.001 
   89250    76.321 
   89300    71.964 
   89350    73.696 
   89400    72.869 
   89450    72.913 
   89500    75.204 
   89550    72.266 
   89600    72.970 
   89650    73.467 
   89700    71.580 
   89750    74.043 
   89800    71.831 
   89850    73.217 
   89900    70.955 
   89950    72.908 
   90000    73.570 
   90050    72.727 
   90100    70.711 
   90150    72.933 
   90200    69.363 
   90250    72.161 
   90300    70.513 
   90350    73.606 
   90400    74.041 
   90450    72.107 
   90500    76.647 
   90550    69.675 
   90600    76.268 
   90650    68.506 
   90700    73.024 
   90750    73.021 
   90800    72.759 
   90850    75.387 
   90900    72.748 
   90950    73.634 
   91000    75.540 
   91050    71.561 
   91100    74.003 
   91150    74.317 
   91200    76.569 
   91250    72.287 
   91300    73.141 
   91350    73.170 
   91400    72.514 
   91450    75.651 
   91500    72.509 
   91550    72.667 
   91600    76.742 
   91650    74.965 
   91700    73.619 
   91750    74.657 
   91800    74.458 
   91850    74.843 
   91900    75.885 
   91950    73.714 
   92000    73.856 
   92050    71.441 
   92100    72.825 
   92150    72.877 
   92200    75.993 
   92250    73.631 
   92300    73.290 
   92350    70.625 
   92400    73.001 
   92450    72.604 
   92500    74.481 
   92550    68.993 
   92600    74.369 
   92650    70.738 
   92700    72.537 
   92750    75.160 
   92800    71.720 
   92850    76.484 
   92900    72.809 
   92950    74.111 
   93000    75.980 
   93050    70.893 
   93100    74.174 
   93150    71.833 
   93200    69.546 
   93250    75.095 
   93300    76.198 
   93350    73.310 
   93400    73.659 
   93450    71.306 
   93500    73.529 
   93550    73.940 
   93600    73.446 
   93650    75.486 
   93700    71.915 
   93750    73.535 
   93800    75.291 
   93850    72.318 
   93900    74.105 
   93950    72.213 
   94000    76.848 
   94050    76.502 
   94100    73.085 
   94150    77.591 
   94200    73.744 
   94250    74.508 
   94300    72.037 
   94350    72.450 
   94400    76.901 
   94450    76.281 
   94500    77.361 
   94550    75.507 
   94600    73.220 
   94650    76.803 
   94700    73.597 
   94750    70.569 
   94800    78.186 
   94850    71.783 
   94900    73.451 
   94950    76.458 
   95000    73.443 
   95050    72.858 
   95100    74.536 
   95150    78.995 
   95200    76.996 
   95250    72.920 
   95300    74.010 
   95350    73.656 
   95400    72.082 
   95450    75.597 
   95500    73.078 
   95550    71.627 
   95600    76.267 
   95650    72.529 
   95700    74.570 
   95750    74.239 
   95800    73.652 
   95850    75.955 
   95900    75.720 
   95950    76.549 
   96000    75.082 
   96050    73.356 
   96100    72.629 
   96150    77.961 
   96200    74.332 
   96250    75.038 
   96300    69.658 
   96350    73.798 
   96400    73.899 
   96450    71.668 
   96500    71.212 
   96550    70.929 
   96600    68.988 
   96650    73.026 
   96700    71.624 
   96750    70.439 
   96800    74.636 
   96850    72.007 
   96900    75.399 
   96950    69.776 
   97000    73.984 
   97050    75.432 
   97100    72.531 
   97150    77.209 
   97200    72.577 
   97250    74.443 
   97300    70.467 
   97350    68.898 
   97400    72.958 
   97450    76.392 
   97500    74.123 
   97550    76.675 
   97600    73.912 
   97650    76.385 
   97700    72.017 
   97750    76.395 
   97800    73.840 
   97850    72.230 
   97900    73.120 
   97950    76.976 
   98000    76.412 
   98050    73.008 
   98100    74.854 
   98150    72.556 
   98200    71.171 
   98250    72.951 
   98300    73.557 
   98350    71.561 
   98400    71.472 
   98450    77.593 
   98500    73.597 
   98550    73.129 
   98600    74.380 
   98650    69.580 
   98700    75.882 
   98750    74.523 
   98800    70.331 
   98850    79.138 
   98900    75.702 
   98950    72.077 
   99000    75.930 
   99050    71.455 
   99100    70.829 
   99150    73.552 
   99200    69.143 
   99250    71.970 
   99300    73.222 
   99350    71.794 
   99400    73.448 
   99450    77.221 
   99500    75.013 
   99550    74.484 
   99600    73.947 
   99650    75.814 
   99700    75.794 
   99750    75.659 
   99800    75.579 
   99850    75.265 
   99900    72.724 
   99950    72.310 
