       0    98.685 
      50    99.167 
     100    99.323 
     150   103.552 
     200   104.711 
     250    99.049 
     300   103.274 
     350    96.753 
     400    98.026 
     450    98.743 
     500   104.378 
     550   104.250 
     600   101.859 
     650   103.480 
     700   100.816 
     750    98.264 
     800   100.969 
     850    97.941 
     900   106.286 
     950   103.010 
    1000    98.317 
    1050    98.647 
    1100   105.461 
    1150   101.647 
    1200   101.112 
    1250   107.216 
    1300   102.049 
    1350    99.609 
    1400    96.702 
    1450   100.792 
    1500   100.347 
    1550   100.692 
    1600   103.178 
    1650   103.512 
    1700    98.145 
    1750   100.534 
    1800   100.750 
    1850   101.687 
    1900   102.188 
    1950    99.013 
    2000   102.756 
    2050   100.749 
    2100   101.983 
    2150   100.782 
    2200    99.724 
    2250   103.128 
    2300   101.803 
    2350   100.719 
    2400    96.081 
    2450    99.288 
    2500   102.283 
    2550   101.633 
    2600   101.383 
    2650   101.111 
    2700   100.349 
    2750   100.163 
    2800   101.332 
    2850    99.861 
    2900   101.618 
    2950   101.760 
    3000   102.046 
    3050   100.885 
    3100   101.823 
    3150   101.405 
    3200    98.226 
    3250   101.753 
    3300   100.661 
    3350    97.733 
    3400    98.567 
    3450   102.385 
    3500    99.860 
    3550   101.603 
    3600   102.362 
    3650   102.196 
    3700    96.042 
    3750   100.080 
    3800   103.612 
    3850   105.089 
    3900   104.211 
    3950   100.690 
    4000   101.126 
    4050   101.192 
    4100   101.569 
    4150   100.149 
    4200   100.188 
    4250   102.596 
    4300   100.861 
    4350   105.938 
    4400   101.082 
    4450    99.427 
    4500   102.346 
    4550    98.100 
    4600   101.314 
    4650   102.134 
    4700   102.117 
    4750    98.905 
    4800   103.477 
    4850   102.269 
    4900    98.163 
    4950   102.687 
    5000   100.605 
    5050    98.201 
    5100    98.078 
    5150   101.115 
    5200   100.179 
    5250   103.818 
    5300   100.270 
    5350   104.116 
    5400    99.557 
    5450    99.397 
    5500   100.763 
    5550    99.949 
    5600   100.050 
    5650   105.449 
    5700   100.655 
    5750   100.159 
    5800   100.952 
    5850   101.812 
    5900    99.604 
    5950   102.607 
    6000    99.745 
    6050   100.007 
    6100   102.776 
    6150   102.673 
    6200   102.349 
    6250   101.725 
    6300    96.124 
    6350    98.510 
    6400   104.314 
    6450    97.849 
    6500   101.363 
    6550   106.403 
    6600    97.755 
    6650   100.890 
    6700   100.896 
    6750   103.028 
    6800   101.505 
    6850   100.866 
    6900    99.250 
    6950   100.655 
    7000   100.420 
    7050   100.329 
    7100   102.532 
    7150    99.187 
    7200    98.556 
    7250    97.473 
    7300    99.018 
    7350   100.301 
    7400   102.705 
    7450   100.374 
    7500   101.735 
    7550   104.082 
    7600    99.617 
    7650    98.709 
    7700   100.291 
    7750    99.789 
    7800    99.934 
    7850   102.523 
    7900   103.366 
    7950   102.602 
    8000   101.574 
    8050    96.271 
    8100    95.846 
    8150   102.605 
    8200   100.868 
    8250    98.623 
    8300   106.381 
    8350   103.166 
    8400    99.563 
    8450   103.914 
    8500   103.687 
    8550    99.074 
    8600    99.422 
    8650   102.245 
    8700    98.944 
    8750   101.466 
    8800   101.728 
    8850   103.204 
    8900   103.107 
    8950   102.639 
    9000    96.947 
    9050    98.406 
    9100   106.220 
    9150   101.945 
    9200   103.298 
    9250   102.019 
    9300   101.633 
    9350   100.413 
    9400    99.895 
    9450   101.057 
    9500   101.856 
    9550    96.950 
    9600    99.589 
    9650   103.803 
    9700   100.863 
    9750   104.997 
    9800   103.547 
    9850   101.082 
    9900    98.489 
    9950    99.767 
   10000   102.784 
   10050   103.178 
   10100   101.329 
   10150   105.130 
   10200   103.630 
   10250    99.571 
   10300   102.888 
   10350   102.911 
   10400    96.860 
   10450    96.521 
   10500   104.954 
   10550    99.294 
   10600   102.465 
   10650   100.652 
   10700    97.029 
   10750    98.958 
   10800    98.451 
   10850   101.632 
   10900    99.464 
   10950   100.505 
   11000   100.941 
   11050   102.834 
   11100    99.231 
   11150    99.810 
   11200   102.152 
   11250   101.122 
   11300    99.113 
   11350   102.499 
   11400    97.972 
   11450   100.021 
   11500   102.785 
   11550    97.619 
   11600   103.706 
   11650   100.222 
   11700   100.693 
   11750   100.121 
   11800   103.595 
   11850    99.090 
   11900    98.508 
   11950   103.725 
   12000   102.627 
   12050   102.732 
   12100   104.455 
   12150    95.227 
   12200    99.270 
   12250   102.847 
   12300    93.834 
   12350   105.118 
   12400   103.707 
   12450    99.632 
   12500    99.427 
   12550   104.493 
   12600    95.785 
   12650   101.588 
   12700   103.522 
   12750    97.085 
   12800    99.583 
   12850   103.690 
   12900   100.652 
   12950   100.090 
   13000   103.300 
   13050   103.058 
   13100    97.563 
   13150    99.749 
   13200   104.548 
   13250   101.404 
   13300   100.522 
   13350   102.048 
   13400    99.717 
   13450   104.550 
   13500   101.212 
   13550   102.034 
   13600   100.358 
   13650    99.738 
   13700   102.664 
   13750   102.544 
   13800    95.838 
   13850   101.654 
   13900   102.855 
   13950   102.682 
   14000    99.004 
   14050   102.316 
   14100   101.650 
   14150    96.789 
   14200    97.611 
   14250   103.355 
   14300   101.096 
   14350   100.489 
   14400   103.072 
   14450    99.348 
   14500    98.374 
   14550   103.304 
   14600   102.541 
   14650    98.994 
   14700    99.239 
   14750    98.685 
   14800    97.571 
   14850   103.672 
   14900   103.830 
   14950    98.408 
   15000   103.564 
   15050   103.610 
   15100   100.627 
   15150   100.489 
   15200    99.165 
   15250    97.463 
   15300   106.461 
   15350   105.498 
   15400    99.317 
   15450   102.080 
   15500   105.305 
   15550    97.692 
   15600   100.986 
   15650   101.676 
   15700    95.545 
   15750   106.206 
   15800   100.070 
   15850    99.790 
   15900   103.872 
   15950   102.498 
   16000    98.214 
   16050    99.838 
   16100   105.302 
   16150    99.325 
   16200   103.557 
   16250   101.369 
   16300    99.033 
   16350   105.580 
   16400   101.954 
   16450   100.159 
   16500   103.936 
   16550   103.506 
   16600    97.385 
   16650    97.721 
   16700   101.995 
   16750   100.487 
   16800   106.764 
   16850   101.711 
   16900    99.619 
   16950   105.956 
   17000   103.788 
   17050    96.056 
   17100    99.103 
   17150   104.404 
   17200   105.341 
   17250   101.252 
   17300   101.144 
   17350    98.545 
   17400    97.892 
   17450   101.233 
   17500   103.358 
   17550   103.865 
   17600    98.940 
   17650    99.271 
   17700   105.595 
   17750   100.016 
   17800    99.924 
   17850   103.409 
   17900   101.888 
   17950    95.745 
   18000    97.593 
   18050   103.855 
   18100   100.469 
   18150   102.543 
   18200   101.915 
   18250   104.548 
   18300    99.494 
   18350    96.383 
   18400   102.805 
   18450   101.587 
   18500   101.204 
   18550   100.355 
   18600   102.400 
   18650   100.970 
   18700    99.091 
   18750   103.384 
   18800   100.919 
   18850   102.305 
   18900   107.170 
   18950   100.187 
   19000    98.207 
   19050   102.442 
   19100    99.829 
   19150    97.999 
   19200   101.611 
   19250   104.064 
   19300   103.482 
   19350   101.647 
   19400    98.583 
   19450   101.491 
   19500   101.651 
   19550    98.939 
   19600   100.436 
   19650   101.140 
   19700   100.001 
   19750   102.568 
   19800   100.163 
   19850    99.474 
   19900   100.309 
   19950   101.780 
   20000   103.534 
   20050   100.505 
   20100   100.952 
   20150    97.659 
   20200    98.894 
   20250   104.387 
   20300   102.057 
   20350   100.872 
   20400   102.797 
   20450   100.272 
   20500   100.594 
   20550   101.194 
   20600   103.927 
   20650   102.234 
   20700   101.795 
   20750   101.905 
   20800   101.962 
   20850   100.773 
   20900    98.864 
   20950    97.674 
   21000    99.784 
   21050   102.176 
   21100   103.618 
   21150   101.541 
   21200   102.467 
   21250    98.738 
   21300   103.527 
   21350   102.134 
   21400   100.299 
   21450   102.913 
   21500   102.932 
   21550    98.683 
   21600    96.768 
   21650   101.845 
   21700   101.631 
   21750   102.284 
   21800   102.782 
   21850   100.418 
   21900    98.115 
   21950   102.091 
   22000   101.119 
   22050    98.159 
   22100   101.435 
   22150   103.467 
   22200   101.596 
   22250    99.630 
   22300    99.829 
   22350    97.521 
   22400   103.133 
   22450   100.426 
   22500   102.920 
   22550   101.927 
   22600   100.597 
   22650    99.862 
   22700    97.142 
   22750   100.597 
   22800   100.866 
   22850    99.239 
   22900   105.074 
   22950   104.439 
   23000    99.264 
   23050   104.315 
   23100   100.750 
   23150   101.980 
   23200    99.803 
   23250   104.490 
   23300    96.255 
   23350   100.981 
   23400   101.629 
   23450   105.394 
   23500    99.543 
   23550    98.902 
   23600   101.236 
   23650   101.987 
   23700    96.182 
   23750    99.426 
   23800   104.308 
   23850   107.780 
   23900   101.171 
   23950   100.944 
   24000    96.121 
   24050    97.017 
   24100    99.812 
   24150   104.800 
   24200   103.940 
   24250   101.864 
   24300   103.299 
   24350    99.576 
   24400    97.505 
   24450   101.756 
   24500   100.305 
   24550   102.679 
   24600   101.994 
   24650   101.129 
   24700    98.205 
   24750   101.371 
   24800   102.503 
   24850    97.194 
   24900    98.655 
   24950   101.182 
   25000   101.511 
   25050   103.103 
   25100   101.361 
   25150    98.518 
   25200    99.421 
   25250   103.031 
   25300   101.554 
   25350   101.093 
   25400   100.783 
   25450   100.584 
   25500   101.866 
   25550   101.261 
   25600    97.894 
   25650    96.799 
   25700    98.296 
   25750   101.320 
   25800   101.593 
   25850   104.072 
   25900   102.696 
   25950    96.023 
   26000    97.887 
   26050   100.030 
   26100   102.889 
   26150   100.227 
   26200   103.175 
   26250    99.770 
   26300    99.078 
   26350   101.099 
   26400    98.726 
   26450    98.918 
   26500   102.012 
   26550   101.073 
   26600   102.009 
   26650   102.399 
   26700    98.713 
   26750   101.588 
   26800   103.050 
   26850    99.585 
   26900   100.347 
   26950   103.144 
   27000   101.828 
   27050    96.737 
   27100   104.112 
   27150   102.511 
   27200    99.756 
   27250   100.552 
   27300   103.657 
   27350   102.584 
   27400   103.348 
   27450   103.579 
   27500   102.151 
   27550    96.482 
   27600   102.196 
   27650    98.897 
   27700   100.881 
   27750   102.512 
   27800   103.814 
   27850    98.010 
   27900    98.080 
   27950   100.823 
   28000    98.252 
   28050   101.975 
   28100   103.191 
   28150   103.541 
   28200   100.925 
   28250   102.740 
   28300   103.228 
   28350    99.004 
   28400    98.626 
   28450   104.440 
   28500   102.262 
   28550   100.920 
   28600    99.213 
   28650   104.746 
   28700   103.530 
   28750    98.845 
   28800   103.377 
   28850    99.516 
   28900   102.840 
   28950   103.554 
   29000   101.913 
   29050   102.792 
   29100   100.773 
   29150   101.424 
   29200    99.146 
   29250   101.557 
   29300   101.526 
   29350   100.536 
   29400   102.413 
   29450    99.398 
   29500   100.545 
   29550   103.963 
   29600    99.223 
   29650    98.627 
   29700   100.224 
   29750   103.419 
   29800   103.907 
   29850   100.823 
   29900   100.218 
   29950   102.069 
   30000    99.964 
   30050    94.283 
   30100    99.664 
   30150   102.510 
   30200   103.901 
   30250   101.920 
   30300   100.039 
   30350    99.740 
   30400   103.846 
   30450   101.357 
   30500   101.575 
   30550   101.394 
   30600   101.125 
   30650    99.448 
   30700   105.154 
   30750   101.460 
   30800   102.449 
   30850    98.375 
   30900   101.523 
   30950   101.961 
   31000   105.180 
   31050   100.294 
   31100    97.995 
   31150   101.362 
   31200    98.928 
   31250   100.058 
   31300   100.140 
   31350   102.869 
   31400    99.661 
   31450   101.863 
   31500   100.230 
   31550   102.739 
   31600   100.485 
   31650    99.739 
   31700   102.920 
   31750   103.673 
   31800   103.754 
   31850   101.157 
   31900   101.673 
   31950    98.815 
   32000    98.779 
   32050   100.180 
   32100    98.578 
   32150   102.083 
   32200   101.358 
   32250   100.803 
   32300   101.268 
   32350    96.792 
   32400   100.007 
   32450   100.374 
   32500    99.019 
   32550   103.896 
   32600   102.809 
   32650    98.828 
   32700   102.038 
   32750   103.548 
   32800    98.074 
   32850   101.364 
   32900   104.456 
   32950   102.268 
   33000    99.378 
   33050   107.319 
   33100    97.759 
   33150   100.929 
   33200   102.309 
   33250    99.851 
   33300   104.700 
   33350   103.715 
   33400   102.678 
   33450   106.297 
   33500   102.107 
   33550   102.962 
   33600   102.957 
   33650   100.156 
   33700   100.977 
   33750   102.149 
   33800    99.125 
   33850   103.356 
   33900   105.854 
   33950   100.896 
   34000    97.577 
   34050   101.693 
   34100    98.167 
   34150   100.612 
   34200   101.645 
   34250   102.300 
   34300   104.322 
   34350   105.439 
   34400   100.735 
   34450    96.395 
   34500    99.395 
   34550    99.561 
   34600   102.314 
   34650   102.713 
   34700   100.918 
   34750    98.534 
   34800   102.386 
   34850    98.707 
   34900    98.014 
   34950   100.691 
   35000   100.115 
   35050   104.098 
   35100   100.903 
   35150    98.550 
   35200    99.434 
   35250   100.199 
   35300    97.761 
   35350   100.762 
   35400   102.124 
   35450   100.010 
   35500   103.433 
   35550   100.457 
   35600    97.778 
   35650   101.241 
   35700   100.048 
   35750   102.113 
   35800   100.539 
   35850   100.975 
   35900    99.264 
   35950   102.567 
   36000    99.499 
   36050   101.262 
   36100    98.828 
   36150   103.361 
   36200   102.485 
   36250    99.342 
   36300   101.917 
   36350   101.383 
   36400   100.049 
   36450   100.874 
   36500   101.956 
   36550   100.906 
   36600   101.232 
   36650   100.831 
   36700   100.839 
   36750   101.596 
   36800    99.383 
   36850   100.925 
   36900   100.494 
   36950    96.863 
   37000   101.302 
   37050   103.557 
   37100   100.563 
   37150    98.091 
   37200   100.240 
   37250   103.121 
   37300    97.294 
   37350   101.203 
   37400    98.162 
   37450    98.817 
   37500   101.596 
   37550   100.723 
   37600   100.429 
   37650   104.222 
   37700   100.717 
   37750    99.860 
   37800   103.433 
   37850    97.423 
   37900    96.285 
   37950   100.789 
   38000   102.065 
   38050   103.071 
   38100   103.880 
   38150   102.340 
   38200   100.305 
   38250   101.431 
   38300    98.086 
   38350   101.072 
   38400   102.101 
   38450    99.182 
   38500   104.714 
   38550   105.971 
   38600   102.473 
   38650    98.673 
   38700   101.390 
   38750    99.056 
   38800   101.507 
   38850    99.811 
   38900   100.204 
   38950    98.933 
   39000   101.174 
   39050   102.529 
   39100    98.777 
   39150   102.825 
   39200    98.608 
   39250   101.616 
   39300   102.558 
   39350   102.690 
   39400   100.630 
   39450   100.842 
   39500    97.106 
   39550    98.250 
   39600   105.824 
   39650   101.325 
   39700    96.143 
   39750   104.954 
   39800   100.416 
   39850    98.828 
   39900   101.355 
   39950   101.911 
   40000    98.831 
   40050   104.643 
   40100   102.203 
   40150    97.190 
   40200    99.412 
   40250   101.846 
   40300    97.523 
   40350   101.250 
   40400   101.793 
   40450    97.945 
   40500   101.834 
   40550   102.897 
   40600    99.759 
   40650    99.992 
   40700   100.806 
   40750   101.369 
   40800   105.273 
   40850    98.576 
   40900    98.752 
   40950    99.986 
   41000   101.726 
   41050    97.524 
   41100    98.147 
   41150   101.938 
   41200    96.783 
   41250    99.072 
   41300   100.637 
   41350    98.174 
   41400    99.715 
   41450   101.125 
   41500   101.086 
   41550    99.346 
   41600    98.220 
   41650    99.559 
   41700   100.196 
   41750   100.289 
   41800   101.918 
   41850   101.346 
   41900   102.697 
   41950    99.436 
   42000   104.397 
   42050    98.736 
   42100    97.698 
   42150   101.546 
   42200   101.906 
   42250   101.011 
   42300   101.924 
   42350   101.113 
   42400   102.659 
   42450   103.447 
   42500   102.783 
   42550   101.930 
   42600   101.934 
   42650   103.336 
   42700    97.757 
   42750   103.737 
   42800   100.713 
   42850   100.324 
   42900   101.728 
   42950   101.548 
   43000   103.013 
   43050   100.141 
   43100   103.128 
   43150   101.528 
   43200   101.622 
   43250   103.722 
   43300    99.807 
   43350   101.049 
   43400   103.455 
   43450   101.071 
   43500   101.928 
   43550   104.133 
   43600   104.080 
   43650    99.700 
   43700    99.545 
   43750   100.749 
   43800   104.977 
   43850   100.949 
   43900   101.614 
   43950    99.718 
   44000   100.297 
   44050   102.518 
   44100    98.447 
   44150   103.566 
   44200   105.976 
   44250   100.561 
   44300   101.819 
   44350   102.377 
   44400    97.787 
   44450   101.101 
   44500   102.897 
   44550   102.925 
   44600   105.872 
   44650   101.049 
   44700   101.224 
   44750   102.824 
   44800   100.393 
   44850    97.696 
   44900   102.288 
   44950    99.072 
   45000   102.467 
   45050   106.204 
   45100   102.971 
   45150   101.144 
   45200   101.113 
   45250    96.435 
   45300   100.397 
   45350   106.336 
   45400   100.158 
   45450   102.750 
   45500   102.297 
   45550   101.675 
   45600   102.207 
   45650   103.168 
   45700   101.011 
   45750   102.148 
   45800   102.645 
   45850   100.329 
   45900   102.523 
   45950    96.436 
   46000   100.289 
   46050   103.664 
   46100   102.786 
   46150   102.295 
   46200   102.899 
   46250   100.117 
   46300    97.574 
   46350   100.588 
   46400   101.162 
   46450    99.265 
   46500   102.104 
   46550   102.987 
   46600    99.837 
   46650   100.723 
   46700    99.213 
   46750   103.196 
   46800   101.735 
   46850    99.313 
   46900    99.012 
   46950   101.706 
   47000   102.576 
   47050   100.602 
   47100   100.986 
   47150   101.233 
   47200    99.221 
   47250    98.950 
   47300    98.463 
   47350   101.381 
   47400   103.694 
   47450    99.660 
   47500   102.461 
   47550   102.279 
   47600   101.703 
   47650   101.542 
   47700   100.601 
   47750   105.085 
   47800    98.800 
   47850    98.010 
   47900   100.972 
   47950   100.657 
   48000   104.417 
   48050   103.202 
   48100   100.456 
   48150   101.848 
   48200    99.630 
   48250    99.065 
   48300   102.960 
   48350   101.415 
   48400    99.258 
   48450    99.764 
   48500   103.109 
   48550   101.714 
   48600   101.430 
   48650    99.831 
   48700    96.898 
   48750    99.740 
   48800   105.215 
   48850    98.949 
   48900   101.825 
   48950    98.291 
   49000    97.578 
   49050   103.342 
   49100   101.596 
   49150   100.965 
   49200   103.783 
   49250   102.519 
   49300   102.145 
   49350    99.516 
   49400    95.672 
   49450   102.313 
   49500   105.313 
   49550   102.358 
   49600   101.562 
   49650   100.004 
   49700   103.001 
   49750    95.935 
   49800    98.748 
   49850    99.451 
   49900   103.994 
   49950   106.983 
   50000    98.508 
   50050    99.829 
   50100   100.524 
   50150   101.304 
   50200   100.793 
   50250   102.171 
   50300   101.079 
   50350   101.863 
   50400   101.202 
   50450   102.287 
   50500    97.157 
   50550   102.299 
   50600   103.375 
   50650   100.788 
   50700    97.678 
   50750   103.072 
   50800   103.831 
   50850   102.467 
   50900   101.878 
   50950   100.007 
   51000    99.788 
   51050   102.094 
   51100   104.335 
   51150   100.240 
   51200    99.123 
   51250    98.610 
   51300   100.557 
   51350   103.364 
   51400    98.554 
   51450    99.187 
   51500   101.417 
   51550   101.321 
   51600   101.626 
   51650   103.028 
   51700    98.967 
   51750    96.892 
   51800   106.831 
   51850   101.665 
   51900    98.909 
   51950   103.814 
   52000   103.956 
   52050    98.791 
   52100   102.014 
   52150    99.095 
   52200    96.528 
   52250    97.010 
   52300   105.845 
   52350   103.088 
   52400   102.806 
   52450   101.263 
   52500   101.656 
   52550    99.101 
   52600    98.164 
   52650   101.411 
   52700   101.446 
   52750   100.127 
   52800   101.472 
   52850   102.463 
   52900   102.395 
   52950    99.042 
   53000   101.156 
   53050   101.476 
   53100    99.158 
   53150   104.157 
   53200    99.567 
   53250    98.127 
   53300   104.107 
   53350    98.621 
   53400    98.305 
   53450   102.629 
   53500   100.003 
   53550    99.815 
   53600   108.201 
   53650   100.841 
   53700    98.663 
   53750    99.791 
   53800   102.063 
   53850   102.049 
   53900   103.297 
   53950   100.602 
   54000   101.446 
   54050    99.447 
   54100    98.735 
   54150   100.675 
   54200   100.848 
   54250   102.571 
   54300   100.118 
   54350   101.775 
   54400    97.258 
   54450   103.590 
   54500   102.325 
   54550    98.207 
   54600    97.021 
   54650   100.540 
   54700    99.668 
   54750   100.907 
   54800   100.775 
   54850   101.237 
   54900    98.078 
   54950    99.338 
   55000    96.552 
   55050   100.151 
   55100   101.080 
   55150    98.703 
   55200   102.625 
   55250    97.126 
   55300    99.247 
   55350   103.931 
   55400    99.715 
   55450    98.633 
   55500   101.107 
   55550    99.431 
   55600   101.718 
   55650   103.010 
   55700    99.380 
   55750    99.292 
   55800   101.424 
   55850    98.649 
   55900   103.810 
   55950   102.677 
   56000   101.665 
   56050   100.891 
   56100   105.571 
   56150   100.774 
   56200    99.353 
   56250   100.246 
   56300   101.412 
   56350   102.763 
   56400   101.117 
   56450   100.327 
   56500   101.350 
   56550   101.149 
   56600    98.505 
   56650   102.984 
   56700   100.740 
   56750   102.292 
   56800   103.135 
   56850   106.645 
   56900   102.429 
   56950   101.811 
   57000   100.843 
   57050   100.506 
   57100   101.145 
   57150   102.750 
   57200    98.022 
   57250   100.740 
   57300   102.194 
   57350   105.411 
   57400    99.336 
   57450   101.425 
   57500   102.170 
   57550    96.746 
   57600   100.813 
   57650   103.459 
   57700   101.612 
   57750    98.970 
   57800   102.955 
   57850   100.832 
   57900    97.495 
   57950    97.028 
   58000   100.980 
   58050   102.674 
   58100   103.627 
   58150    99.348 
   58200    99.695 
   58250    98.876 
   58300    99.612 
   58350   102.965 
   58400   106.334 
   58450   102.611 
   58500   101.162 
   58550   102.509 
   58600    97.643 
   58650    99.521 
   58700   102.533 
   58750    97.427 
   58800   102.102 
   58850   101.879 
   58900    99.282 
   58950   100.504 
   59000   104.211 
   59050   100.445 
   59100    98.293 
   59150   101.676 
   59200    99.807 
   59250   101.308 
   59300   104.656 
   59350   100.075 
   59400   100.303 
   59450   100.971 
   59500   100.317 
   59550   105.016 
   59600    99.543 
   59650    98.529 
   59700    97.464 
   59750   102.502 
   59800   101.730 
   59850    99.126 
   59900    99.218 
   59950   102.814 
   60000   101.854 
   60050    99.997 
   60100   100.541 
   60150   101.614 
   60200   100.593 
   60250   101.893 
   60300   104.760 
   60350   102.964 
   60400   102.956 
   60450    96.316 
   60500   101.622 
   60550   101.805 
   60600   100.609 
   60650   103.282 
   60700    99.598 
   60750    99.652 
   60800    98.807 
   60850   100.809 
   60900   101.836 
   60950   100.986 
   61000   102.391 
   61050   102.911 
   61100   103.064 
   61150    99.120 
   61200    99.302 
   61250   100.849 
   61300    99.573 
   61350   103.147 
   61400   102.669 
   61450   102.359 
   61500    99.072 
   61550   105.053 
   61600   101.871 
   61650    95.483 
   61700    99.140 
   61750   104.241 
   61800    99.854 
   61850   101.840 
   61900   100.099 
   61950   101.090 
   62000   100.166 
   62050    98.677 
   62100   105.363 
   62150   100.792 
   62200    99.758 
   62250   100.061 
   62300   103.885 
   62350    99.786 
   62400   100.182 
   62450   101.071 
   62500   103.151 
   62550    98.319 
   62600   105.047 
   62650   102.159 
   62700    99.773 
   62750   102.531 
   62800   100.577 
   62850   102.132 
   62900   101.968 
   62950    99.053 
   63000    97.706 
   63050   105.154 
   63100   101.692 
   63150   101.912 
   63200   107.858 
   63250   101.154 
   63300    99.517 
   63350   101.164 
   63400    99.390 
   63450    97.197 
   63500   102.614 
   63550   100.404 
   63600   102.862 
   63650   105.535 
   63700   104.111 
   63750    96.656 
   63800    98.553 
   63850   101.333 
   63900   102.808 
   63950   100.046 
   64000   101.397 
   64050   102.839 
   64100   100.315 
   64150    99.871 
   64200    98.426 
   64250    99.115 
   64300   101.793 
   64350   100.231 
   64400    99.449 
   64450   103.378 
   64500   101.463 
   64550    99.770 
   64600    99.819 
   64650   102.631 
   64700   102.211 
   64750   100.166 
   64800    99.444 
   64850   100.748 
   64900   100.004 
   64950   101.212 
   65000   103.188 
   65050    99.898 
   65100   100.315 
   65150   101.797 
   65200   100.044 
   65250    96.116 
   65300   100.213 
   65350   102.982 
   65400   103.251 
   65450    98.070 
   65500   103.914 
   65550   103.537 
   65600   100.463 
   65650   101.287 
   65700   103.342 
   65750   100.923 
   65800   104.374 
   65850   100.424 
   65900   103.152 
   65950   104.014 
   66000   103.916 
   66050   103.019 
   66100   100.513 
   66150   100.048 
   66200   100.648 
   66250   104.437 
   66300   102.355 
   66350    97.200 
   66400   105.057 
   66450   103.286 
   66500    98.791 
   66550   103.136 
   66600   101.193 
   66650    98.983 
   66700    98.662 
   66750   101.943 
   66800    98.584 
   66850    99.970 
   66900   102.579 
   66950   100.694 
   67000   101.831 
   67050   102.148 
   67100    99.738 
   67150   102.968 
   67200    98.244 
   67250    98.173 
   67300   101.741 
   67350    98.493 
   67400    98.928 
   67450   103.720 
   67500   102.935 
   67550   103.680 
   67600   101.376 
   67650   100.502 
   67700    98.011 
   67750   102.106 
   67800    99.588 
   67850   100.389 
   67900   103.323 
   67950   103.173 
   68000   100.730 
   68050    99.789 
   68100    99.277 
   68150   101.296 
   68200    98.043 
   68250   100.107 
   68300   101.897 
   68350   102.409 
   68400   100.484 
   68450    98.969 
   68500    98.699 
   68550   102.507 
   68600   103.899 
   68650   100.779 
   68700   102.524 
   68750    98.542 
   68800    97.379 
   68850    97.913 
   68900   103.145 
   68950   100.666 
   69000    99.212 
   69050    99.230 
   69100   102.160 
   69150   100.606 
   69200   104.657 
   69250    99.705 
   69300    97.296 
   69350   103.365 
   69400    98.929 
   69450   100.886 
   69500   102.248 
   69550   100.871 
   69600   100.668 
   69650    99.223 
   69700   101.129 
   69750    97.632 
   69800   106.858 
   69850   103.577 
   69900   101.028 
   69950   102.971 
   70000   101.135 
   70050   102.579 
   70100   100.991 
   70150   102.558 
   70200   102.219 
   70250   100.660 
   70300    99.526 
   70350    97.681 
   70400    99.381 
   70450   101.414 
   70500    99.726 
   70550   102.208 
   70600    99.740 
   70650   101.804 
   70700   101.947 
   70750   100.130 
   70800    96.946 
   70850   100.705 
   70900   101.494 
   70950   101.551 
   71000   102.881 
   71050   101.856 
   71100    97.371 
   71150   102.224 
   71200   101.969 
   71250   103.364 
   71300    99.537 
   71350   103.841 
   71400   104.492 
   71450    98.367 
   71500   102.205 
   71550   102.983 
   71600    98.296 
   71650    97.420 
   71700   101.757 
   71750   100.503 
   71800    99.198 
   71850   105.917 
   71900   101.820 
   71950    97.154 
   72000   100.718 
   72050   103.570 
   72100   100.319 
   72150    98.596 
   72200   102.289 
   72250   102.713 
   72300   102.193 
   72350    99.916 
   72400   101.293 
   72450   100.835 
   72500   100.788 
   72550   102.924 
   72600   102.801 
   72650    97.896 
   72700    98.436 
   72750   101.988 
   72800   104.691 
   72850    96.574 
   72900    96.620 
   72950   100.425 
   73000    98.045 
   73050   100.401 
   73100   102.677 
   73150    99.735 
   73200    99.370 
   73250   100.300 
   73300    99.348 
   73350   103.902 
   73400   102.179 
   73450    99.637 
   73500   100.485 
   73550   100.898 
   73600   101.923 
   73650   102.329 
   73700   104.182 
   73750   100.872 
   73800   100.476 
   73850    97.599 
   73900    96.171 
   73950    99.347 
   74000   104.114 
   74050    98.676 
   74100   101.239 
   74150    98.544 
   74200    99.762 
   74250   101.314 
   74300   103.518 
   74350    97.511 
   74400    97.686 
   74450   101.489 
   74500   101.101 
   74550   103.943 
   74600    97.886 
   74650    99.983 
   74700   102.743 
   74750   102.232 
   74800   100.096 
   74850   101.842 
   74900   102.336 
   74950   101.743 
   75000   102.065 
   75050   102.183 
   75100    97.772 
   75150   101.788 
   75200    99.433 
   75250   100.677 
   75300   101.263 
   75350   107.639 
   75400    96.662 
   75450   102.124 
   75500   101.256 
   75550   100.246 
   75600   103.138 
   75650   101.971 
   75700    97.914 
   75750   102.307 
   75800   103.860 
   75850   104.070 
   75900    98.509 
   75950    97.794 
   76000    92.487 
   76050   101.663 
   76100   102.518 
   76150   101.011 
   76200   104.248 
   76250   102.645 
   76300    96.619 
   76350   100.892 
   76400   100.369 
   76450    99.030 
   76500   103.728 
   76550   100.838 
   76600   100.530 
   76650   101.892 
   76700   100.883 
   76750   100.778 
   76800   106.656 
   76850   100.752 
   76900    99.107 
   76950   105.157 
   77000   100.070 
   77050    99.724 
   77100    96.493 
   77150   101.448 
   77200   105.483 
   77250    99.154 
   77300   100.043 
   77350   102.400 
   77400   101.259 
   77450   102.574 
   77500   102.206 
   77550   100.140 
   77600    98.746 
   77650   101.625 
   77700    99.815 
   77750   100.255 
   77800   105.338 
   77850   100.380 
   77900   100.732 
   77950   100.752 
   78000   100.548 
   78050   103.148 
   78100   103.322 
   78150    98.040 
   78200   100.587 
   78250   100.652 
   78300    98.392 
   78350   103.274 
   78400   102.229 
   78450   100.918 
   78500   100.083 
   78550   103.267 
   78600    97.516 
   78650   101.975 
   78700   102.845 
   78750   101.384 
   78800   103.097 
   78850   104.190 
   78900   102.260 
   78950   101.135 
   79000    98.737 
   79050   100.477 
   79100   104.389 
   79150   103.451 
   79200   101.462 
   79250    99.585 
   79300   101.387 
   79350    99.182 
   79400   102.855 
   79450   104.015 
   79500   102.224 
   79550   104.296 
   79600   101.037 
   79650    97.027 
   79700   106.064 
   79750   101.953 
   79800   102.308 
   79850   101.532 
   79900   104.223 
   79950    98.955 
   80000    98.761 
   80050   106.005 
   80100   104.608 
   80150   101.255 
   80200   102.500 
   80250   101.523 
   80300   101.130 
   80350   100.560 
   80400   104.558 
   80450   102.575 
   80500   101.944 
   80550   104.094 
   80600   101.117 
   80650    98.118 
   80700    99.331 
   80750   102.876 
   80800   102.630 
   80850   100.330 
   80900   102.053 
   80950   101.059 
   81000    98.508 
   81050    98.591 
   81100    99.723 
   81150   101.020 
   81200   102.599 
   81250   101.558 
   81300   100.776 
   81350   101.718 
   81400    98.389 
   81450    99.986 
   81500    99.515 
   81550   100.523 
   81600    99.281 
   81650   104.323 
   81700   100.603 
   81750   101.632 
   81800   101.209 
   81850    98.870 
   81900   100.246 
   81950    99.862 
   82000   100.042 
   82050   102.514 
   82100   101.635 
   82150   100.179 
   82200    99.870 
   82250   103.307 
   82300    99.807 
   82350   101.665 
   82400   102.812 
   82450    99.413 
   82500   103.314 
   82550   101.156 
   82600    95.657 
   82650   100.651 
   82700   103.664 
   82750   102.095 
   82800    99.462 
   82850   104.261 
   82900   103.139 
   82950   101.841 
   83000   101.701 
   83050    98.768 
   83100   100.630 
   83150   105.014 
   83200   101.960 
   83250    98.597 
   83300   100.229 
   83350   104.342 
   83400   100.471 
   83450    98.974 
   83500    94.998 
   83550    99.183 
   83600   104.749 
   83650   103.523 
   83700    97.988 
   83750   103.173 
   83800    99.052 
   83850   101.596 
   83900    98.511 
   83950    99.969 
   84000   102.462 
   84050    99.693 
   84100   102.650 
   84150   102.165 
   84200   100.437 
   84250   101.473 
   84300    99.362 
   84350   103.169 
   84400   102.468 
   84450    97.437 
   84500    98.262 
   84550   100.019 
   84600    99.654 
   84650   101.251 
   84700   104.146 
   84750   101.231 
   84800   105.723 
   84850   103.869 
   84900    97.844 
   84950   105.292 
   85000   104.645 
   85050    99.667 
   85100   101.703 
   85150   100.117 
   85200   105.320 
   85250    96.172 
   85300    99.205 
   85350   102.036 
   85400   100.978 
   85450   100.028 
   85500   101.322 
   85550   104.351 
   85600   100.330 
   85650    99.834 
   85700   102.268 
   85750   100.924 
   85800    98.637 
   85850   103.071 
   85900   103.885 
   85950    99.895 
   86000    98.363 
   86050   104.477 
   86100   100.854 
   86150   100.006 
   86200   101.942 
   86250   100.201 
   86300    99.671 
   86350   102.800 
   86400   102.753 
   86450   102.551 
   86500   101.261 
   86550   101.703 
   86600    98.512 
   86650   101.230 
   86700   101.407 
   86750    98.207 
   86800   100.547 
   86850   103.698 
   86900    99.103 
   86950    97.956 
   87000   100.614 
   87050   102.458 
   87100   101.206 
   87150   100.082 
   87200    98.574 
   87250   100.325 
   87300    99.863 
   87350    99.986 
   87400   102.981 
   87450    98.132 
   87500    99.549 
   87550   101.395 
   87600   104.482 
   87650    99.365 
   87700    99.016 
   87750   101.284 
   87800    99.211 
   87850   102.823 
   87900   100.220 
   87950   101.550 
   88000   103.394 
   88050   103.519 
   88100   102.725 
   88150    99.981 
   88200   100.379 
   88250    96.959 
   88300   100.232 
   88350   104.884 
   88400    99.891 
   88450   102.745 
   88500   102.696 
   88550    99.367 
   88600    99.773 
   88650   100.010 
   88700   101.565 
   88750    99.660 
   88800   103.060 
   88850   100.902 
   88900   100.163 
   88950   101.822 
   89000    99.088 
   89050   102.301 
   89100   102.866 
   89150   101.285 
   89200    99.745 
   89250    98.079 
   89300    98.056 
   89350   101.289 
   89400   102.089 
   89450   101.132 
   89500   100.194 
   89550   101.669 
   89600   100.862 
   89650    99.694 
   89700   102.195 
   89750    99.882 
   89800   105.150 
   89850   100.800 
   89900   102.205 
   89950   101.494 
   90000   100.667 
   90050    98.760 
   90100   101.295 
   90150   102.947 
   90200   102.670 
   90250   101.329 
   90300    99.587 
   90350    98.543 
   90400   102.061 
   90450    99.617 
   90500   100.054 
   90550    99.098 
   90600    98.047 
   90650   106.583 
   90700   106.315 
   90750   102.593 
   90800   101.249 
   90850   100.236 
   90900    98.821 
   90950    98.496 
   91000   102.713 
   91050   100.264 
   91100   103.955 
   91150   103.934 
   91200   100.165 
   91250    98.718 
   91300    98.884 
   91350    99.765 
   91400    96.011 
   91450   100.801 
   91500   102.925 
   91550   101.208 
   91600   103.623 
   91650   103.927 
   91700   101.046 
   91750   102.434 
   91800    99.936 
   91850   101.960 
   91900   101.483 
   91950   103.705 
   92000   101.823 
   92050   100.894 
   92100    98.060 
   92150   101.509 
   92200   102.986 
   92250   101.618 
   92300   101.573 
   92350   100.734 
   92400    95.648 
   92450   101.598 
   92500   102.256 
   92550   100.757 
   92600   100.817 
   92650   102.091 
   92700   101.374 
   92750   100.447 
   92800   102.113 
   92850   101.320 
   92900    97.459 
   92950   103.667 
   93000   102.081 
   93050   102.044 
   93100    97.476 
   93150    99.330 
   93200   102.387 
   93250   103.564 
   93300   101.018 
   93350   102.519 
   93400   104.478 
   93450    99.358 
   93500    99.114 
   93550   100.634 
   93600    99.158 
   93650   102.839 
   93700   102.126 
   93750   102.383 
   93800   101.266 
   93850   103.551 
   93900    97.198 
   93950   100.571 
   94000   102.677 
   94050   102.732 
   94100   101.910 
   94150    99.955 
   94200   100.774 
   94250   101.114 
   94300   104.085 
   94350   100.731 
   94400    97.417 
   94450   102.252 
   94500    97.803 
   94550   102.137 
   94600   102.212 
   94650    98.345 
   94700    99.223 
   94750    99.699 
   94800   100.869 
   94850   105.244 
   94900   102.144 
   94950   100.108 
   95000   100.852 
   95050    98.119 
   95100   101.672 
   95150   103.292 
   95200   106.953 
   95250    99.112 
   95300   102.509 
   95350   102.282 
   95400    97.283 
   95450   100.900 
   95500   101.359 
   95550   100.151 
   95600   102.892 
   95650   105.591 
   95700    98.836 
   95750    98.936 
   95800   101.423 
   95850    99.022 
   95900    99.711 
   95950   102.120 
   96000   101.088 
   96050   102.591 
   96100   101.235 
   96150   102.484 
   96200   104.997 
   96250    98.491 
   96300    99.225 
   96350   106.034 
   96400   101.654 
   96450   102.376 
   96500   102.833 
   96550    99.625 
   96600   100.954 
   96650   102.094 
   96700    98.592 
   96750    97.321 
   96800   101.643 
   96850   101.365 
   96900   103.180 
   96950   106.723 
   97000    99.955 
   97050    96.707 
   97100   103.672 
   97150    98.533 
   97200    98.767 
   97250   102.859 
   97300   100.077 
   97350    97.947 
   97400   102.540 
   97450    99.477 
   97500   101.453 
   97550   103.847 
   97600    99.181 
   97650    98.041 
   97700    98.078 
   97750   101.250 
   97800   106.590 
   97850    98.695 
   97900    98.897 
   97950   101.950 
   98000   102.577 
   98050   102.957 
   98100   104.035 
   98150   101.678 
   98200   101.654 
   98250   100.610 
   98300   100.447 
   98350   101.575 
   98400   100.868 
   98450   100.425 
   98500    98.740 
   98550   101.094 
   98600   104.854 
   98650    98.777 
   98700   101.933 
   98750   103.633 
   98800    97.154 
   98850   102.117 
   98900   102.726 
   98950   102.244 
   99000   101.041 
   99050   101.042 
   99100   100.572 
   99150    98.072 
   99200   103.207 
   99250   102.484 
   99300   103.028 
   99350   103.770 
   99400   100.420 
   99450    99.575 
   99500   104.944 
   99550   100.691 
   99600   100.163 
   99650   101.963 
   99700   102.528 
   99750    98.702 
   99800   100.302 
   99850   100.905 
   99900    99.425 
   99950    97.907 
