       0    -0.844 
      50     0.032 
     100    -2.927 
     150    -1.047 
     200    -2.295 
     250    -1.199 
     300     0.827 
     350     2.937 
     400     1.095 
     450     0.647 
     500    -0.651 
     550    -0.941 
     600    -0.044 
     650    -1.448 
     700    -1.323 
     750    -3.585 
     800    -2.191 
     850     2.207 
     900     0.297 
     950     3.175 
    1000     1.339 
    1050    -0.488 
    1100     1.384 
    1150     4.056 
    1200    -0.480 
    1250    -1.648 
    1300     4.110 
    1350    -0.374 
    1400     1.528 
    1450     0.592 
    1500    -0.195 
    1550     0.790 
    1600     1.221 
    1650    -0.150 
    1700     0.599 
    1750    -0.350 
    1800    -0.764 
    1850    -2.390 
    1900    -2.037 
    1950    -1.208 
    2000     0.962 
    2050     0.707 
    2100     0.860 
    2150     1.686 
    2200     1.512 
    2250     2.293 
    2300     2.596 
    2350     1.324 
    2400     2.889 
    2450    -0.389 
    2500     2.190 
    2550     0.626 
    2600    -1.643 
    2650    -1.037 
    2700    -0.806 
    2750    -2.064 
    2800    -2.481 
    2850    -1.297 
    2900     1.172 
    2950    -1.220 
    3000     0.432 
    3050     0.950 
    3100     0.485 
    3150     1.278 
    3200     0.452 
    3250     0.883 
    3300    -0.569 
    3350     1.568 
    3400    -2.216 
    3450    -3.353 
    3500    -1.334 
    3550    -0.284 
    3600    -2.742 
    3650    -0.639 
    3700    -0.440 
    3750    -2.422 
    3800    -1.082 
    3850    -2.757 
    3900    -3.084 
    3950    -3.190 
    4000    -2.346 
    4050    -3.118 
    4100    -4.564 
    4150    -3.836 
    4200    -3.149 
    4250    -2.969 
    4300    -1.798 
    4350     2.585 
    4400     1.682 
    4450    -1.688 
    4500     2.322 
    4550     2.099 
    4600     0.794 
    4650     0.659 
    4700     2.165 
    4750    -1.190 
    4800    -1.235 
    4850    -0.077 
    4900    -0.672 
    4950    -1.042 
    5000     0.752 
    5050    -0.130 
    5100     0.045 
    5150    -1.283 
    5200    -3.665 
    5250    -2.654 
    5300    -1.467 
    5350    -2.787 
    5400    -3.121 
    5450    -1.544 
    5500    -1.531 
    5550    -5.135 
    5600    -4.886 
    5650    -0.565 
    5700    -4.594 
    5750    -4.252 
    5800    -7.108 
    5850    -3.953 
    5900    -2.511 
    5950    -3.706 
    6000    -3.938 
    6050    -0.797 
    6100    -0.225 
    6150    -2.443 
    6200    -2.748 
    6250     1.214 
    6300    -1.633 
    6350    -1.394 
    6400    -0.628 
    6450     1.475 
    6500     1.313 
    6550     0.604 
    6600    -1.259 
    6650     1.109 
    6700     4.290 
    6750     0.294 
    6800     2.643 
    6850     1.065 
    6900    -0.265 
    6950    -0.911 
    7000    -1.901 
    7050     0.475 
    7100     0.444 
    7150    -0.667 
    7200    -0.777 
    7250    -0.642 
    7300     0.127 
    7350    -1.568 
    7400    -1.405 
    7450     0.276 
    7500    -1.334 
    7550    -2.659 
    7600    -1.560 
    7650     0.590 
    7700    -0.302 
    7750     1.006 
    7800    -0.139 
    7850    -0.449 
    7900     4.071 
    7950     2.363 
    8000    -0.384 
    8050    -0.243 
    8100     0.558 
    8150    -1.421 
    8200     1.579 
    8250     0.441 
    8300     2.465 
    8350     2.019 
    8400     0.730 
    8450     0.839 
    8500     2.590 
    8550     0.068 
    8600    -0.073 
    8650     2.646 
    8700     0.681 
    8750     2.184 
    8800    -1.302 
    8850     0.714 
    8900     1.464 
    8950    -0.222 
    9000     2.147 
    9050     1.818 
    9100     1.002 
    9150     2.480 
    9200     2.601 
    9250    -2.299 
    9300    -0.641 
    9350    -1.661 
    9400    -4.379 
    9450    -2.391 
    9500    -1.618 
    9550    -2.729 
    9600     0.970 
    9650     1.949 
    9700    -0.034 
    9750     2.561 
    9800     3.230 
    9850     1.294 
    9900     2.542 
    9950    -1.731 
   10000    -4.162 
   10050    -0.628 
   10100     0.563 
   10150     1.807 
   10200     4.567 
   10250     2.892 
   10300     2.380 
   10350     2.409 
   10400     4.567 
   10450     0.450 
   10500     3.330 
   10550     5.371 
   10600     1.943 
   10650     2.791 
   10700     2.246 
   10750     2.572 
   10800     3.795 
   10850     2.962 
   10900     1.677 
   10950     0.882 
   11000     1.722 
   11050    -0.395 
   11100     0.552 
   11150     2.978 
   11200     2.954 
   11250     2.888 
   11300     1.604 
   11350    -1.899 
   11400     2.266 
   11450     2.365 
   11500    -0.114 
   11550     0.980 
   11600     1.523 
   11650     0.348 
   11700    -0.255 
   11750    -2.062 
   11800    -4.368 
   11850    -1.249 
   11900    -4.397 
   11950    -3.036 
   12000    -4.028 
   12050    -1.032 
   12100    -2.831 
   12150    -1.851 
   12200    -2.110 
   12250    -1.500 
   12300    -2.127 
   12350    -3.846 
   12400    -0.401 
   12450    -2.698 
   12500    -5.697 
   12550    -5.919 
   12600    -3.122 
   12650    -4.033 
   12700    -4.508 
   12750    -1.904 
   12800    -3.801 
   12850    -4.237 
   12900    -1.941 
   12950    -3.510 
   13000    -4.597 
   13050    -4.072 
   13100    -3.616 
   13150    -0.972 
   13200    -2.343 
   13250     0.429 
   13300     1.590 
   13350     2.603 
   13400     1.866 
   13450     3.110 
   13500     0.407 
   13550     2.066 
   13600     1.022 
   13650     0.906 
   13700    -0.422 
   13750     0.923 
   13800     0.664 
   13850     0.752 
   13900     0.007 
   13950     0.095 
   14000     1.401 
   14050    -0.143 
   14100    -1.733 
   14150    -0.624 
   14200     2.891 
   14250    -0.380 
   14300    -0.409 
   14350     1.847 
   14400     0.838 
   14450     1.015 
   14500     2.259 
   14550     1.118 
   14600     2.205 
   14650     0.832 
   14700     1.020 
   14750     0.474 
   14800    -0.132 
   14850    -3.117 
   14900    -2.528 
   14950    -1.103 
   15000    -2.231 
   15050    -2.670 
   15100    -1.883 
   15150     0.699 
   15200    -2.357 
   15250    -0.598 
   15300     0.239 
   15350     1.661 
   15400    -2.929 
   15450    -3.310 
   15500    -1.564 
   15550    -2.520 
   15600    -3.403 
   15650    -2.870 
   15700    -2.703 
   15750    -0.747 
   15800    -2.136 
   15850    -4.973 
   15900    -2.285 
   15950    -0.391 
   16000    -2.501 
   16050    -4.456 
   16100    -3.384 
   16150    -0.916 
   16200    -2.207 
   16250    -4.003 
   16300    -2.185 
   16350    -0.473 
   16400     0.081 
   16450    -1.509 
   16500     0.087 
   16550     1.730 
   16600     2.965 
   16650     1.970 
   16700     2.959 
   16750    -1.247 
   16800    -2.291 
   16850    -1.718 
   16900    -3.158 
   16950    -2.807 
   17000    -5.984 
   17050    -4.975 
   17100    -5.695 
   17150    -3.240 
   17200    -4.465 
   17250    -3.306 
   17300    -2.794 
   17350     0.182 
   17400    -1.834 
   17450    -1.952 
   17500    -1.300 
   17550     1.237 
   17600    -0.838 
   17650    -1.517 
   17700     1.908 
   17750    -1.737 
   17800    -1.908 
   17850    -0.536 
   17900    -0.760 
   17950    -1.334 
   18000    -0.909 
   18050    -2.304 
   18100     1.742 
   18150     4.212 
   18200     0.877 
   18250     1.815 
   18300     1.692 
   18350    -0.219 
   18400     2.293 
   18450     1.215 
   18500    -0.284 
   18550    -0.180 
   18600    -0.030 
   18650     0.836 
   18700    -0.410 
   18750    -0.535 
   18800    -3.208 
   18850     0.205 
   18900    -0.436 
   18950    -4.066 
   19000    -1.937 
   19050    -3.046 
   19100    -3.779 
   19150    -1.594 
   19200    -1.761 
   19250    -2.202 
   19300    -2.447 
   19350    -0.233 
   19400    -0.971 
   19450     2.247 
   19500    -0.733 
   19550    -1.445 
   19600     0.718 
   19650     2.269 
   19700     0.622 
   19750     0.430 
   19800     0.857 
   19850     1.481 
   19900    -0.487 
   19950     0.247 
   20000    -0.496 
   20050     0.594 
   20100     3.057 
   20150     0.972 
   20200    -0.798 
   20250     0.931 
   20300     0.136 
   20350    -1.375 
   20400    -0.865 
   20450    -1.917 
   20500    -0.748 
   20550    -0.347 
   20600    -1.067 
   20650    -1.889 
   20700     0.288 
   20750     0.977 
   20800    -1.551 
   20850    -0.774 
   20900     0.646 
   20950     1.390 
   21000     1.041 
   21050     1.616 
   21100     1.463 
   21150    -1.516 
   21200     0.203 
   21250    -0.799 
   21300    -1.414 
   21350    -1.971 
   21400    -2.158 
   21450     0.035 
   21500    -0.393 
   21550    -0.345 
   21600     1.369 
   21650    -0.189 
   21700    -0.981 
   21750     0.191 
   21800    -2.901 
   21850     1.307 
   21900    -2.082 
   21950    -0.642 
   22000     0.725 
   22050     0.895 
   22100    -2.354 
   22150    -2.870 
   22200    -2.641 
   22250    -0.432 
   22300    -0.405 
   22350    -1.168 
   22400    -1.476 
   22450    -1.126 
   22500    -1.632 
   22550     1.532 
   22600     0.158 
   22650     2.504 
   22700     1.345 
   22750     3.336 
   22800     2.120 
   22850     4.457 
   22900     2.411 
   22950     2.275 
   23000     2.639 
   23050     1.233 
   23100     2.167 
   23150     0.366 
   23200     2.051 
   23250    -0.873 
   23300     2.873 
   23350     2.806 
   23400     2.092 
   23450     4.123 
   23500     3.113 
   23550     1.449 
   23600     1.627 
   23650     1.709 
   23700     1.992 
   23750     1.401 
   23800     1.219 
   23850     1.160 
   23900     0.320 
   23950     2.088 
   24000    -1.427 
   24050     0.347 
   24100     1.053 
   24150    -1.987 
   24200    -0.482 
   24250    -2.122 
   24300    -1.383 
   24350    -3.177 
   24400    -0.978 
   24450    -2.875 
   24500    -1.856 
   24550    -1.242 
   24600    -1.505 
   24650    -2.638 
   24700    -0.279 
   24750     2.412 
   24800     1.056 
   24850     0.129 
   24900    -1.430 
   24950     0.040 
   25000     0.622 
   25050     0.378 
   25100     0.111 
   25150    -1.748 
   25200     1.797 
   25250    -0.496 
   25300     1.027 
   25350     1.965 
   25400     0.288 
   25450    -0.432 
   25500    -1.075 
   25550    -0.226 
   25600     1.138 
   25650     0.378 
   25700    -0.211 
   25750    -1.149 
   25800     2.326 
   25850     1.842 
   25900    -0.294 
   25950     0.022 
   26000    -1.555 
   26050     0.125 
   26100    -1.913 
   26150    -1.918 
   26200    -0.271 
   26250    -0.777 
   26300    -2.030 
   26350    -2.616 
   26400    -3.352 
   26450    -4.808 
   26500    -3.088 
   26550    -3.102 
   26600    -0.739 
   26650     1.008 
   26700     1.490 
   26750    -1.895 
   26800    -2.020 
   26850    -3.403 
   26900    -4.519 
   26950    -0.945 
   27000    -4.144 
   27050    -3.385 
   27100     1.173 
   27150    -0.344 
   27200     1.337 
   27250     0.358 
   27300     2.736 
   27350     1.710 
   27400    -1.274 
   27450     1.213 
   27500     1.921 
   27550    -0.292 
   27600     2.231 
   27650     3.431 
   27700     0.698 
   27750    -4.912 
   27800    -0.063 
   27850    -2.310 
   27900    -5.364 
   27950    -3.167 
   28000    -5.101 
   28050    -3.569 
   28100    -5.925 
   28150    -5.132 
   28200    -2.827 
   28250    -1.329 
   28300    -5.610 
   28350    -6.078 
   28400    -6.496 
   28450    -4.036 
   28500    -6.966 
   28550    -5.034 
   28600    -2.879 
   28650    -1.111 
   28700    -2.622 
   28750    -2.767 
   28800    -4.779 
   28850    -3.170 
   28900    -1.286 
   28950     0.861 
   29000     2.055 
   29050     2.691 
   29100     2.478 
   29150     0.325 
   29200     2.012 
   29250     1.285 
   29300     1.907 
   29350     0.677 
   29400     0.794 
   29450     0.749 
   29500     1.193 
   29550    -0.541 
   29600    -1.835 
   29650    -0.847 
   29700    -2.923 
   29750    -3.304 
   29800    -0.834 
   29850     0.391 
   29900    -2.933 
   29950    -0.874 
   30000     0.969 
   30050    -0.499 
   30100     0.218 
   30150     1.241 
   30200     1.487 
   30250    -3.017 
   30300    -0.677 
   30350    -2.154 
   30400    -2.654 
   30450    -1.299 
   30500    -3.175 
   30550    -0.246 
   30600     1.238 
   30650     1.694 
   30700     0.709 
   30750     1.495 
   30800     3.181 
   30850    -0.907 
   30900     0.973 
   30950     0.335 
   31000    -0.126 
   31050     0.850 
   31100    -1.560 
   31150    -1.616 
   31200    -1.939 
   31250     1.423 
   31300    -1.879 
   31350    -0.551 
   31400     0.463 
   31450     0.753 
   31500    -3.794 
   31550    -0.225 
   31600    -0.275 
   31650    -0.736 
   31700     1.309 
   31750     0.154 
   31800     0.351 
   31850    -0.899 
   31900    -0.632 
   31950     1.885 
   32000    -0.322 
   32050     1.352 
   32100     0.039 
   32150    -0.111 
   32200    -2.678 
   32250    -3.841 
   32300    -2.304 
   32350    -6.468 
   32400    -3.029 
   32450    -2.404 
   32500    -2.143 
   32550     1.980 
   32600     2.522 
   32650     0.493 
   32700     2.531 
   32750     0.526 
   32800     1.221 
   32850     3.652 
   32900     2.101 
   32950     2.052 
   33000     2.786 
   33050     0.742 
   33100     1.358 
   33150    -1.299 
   33200    -0.772 
   33250     2.775 
   33300    -0.560 
   33350     0.548 
   33400     1.454 
   33450     2.882 
   33500    -0.001 
   33550     1.347 
   33600     0.610 
   33650     2.121 
   33700    -1.752 
   33750    -2.278 
   33800    -3.032 
   33850    -1.672 
   33900    -1.159 
   33950    -0.899 
   34000    -2.542 
   34050    -0.071 
   34100    -1.591 
   34150     2.224 
   34200     2.857 
   34250     2.145 
   34300    -0.003 
   34350    -0.590 
   34400     0.405 
   34450     0.496 
   34500     2.764 
   34550     0.548 
   34600     3.606 
   34650    -1.667 
   34700    -2.917 
   34750    -4.243 
   34800    -3.428 
   34850    -5.226 
   34900    -3.862 
   34950    -3.233 
   35000    -2.248 
   35050     0.839 
   35100    -1.425 
   35150     0.920 
   35200    -1.385 
   35250     0.874 
   35300     2.173 
   35350     2.131 
   35400     0.304 
   35450     3.816 
   35500     0.601 
   35550     3.074 
   35600     0.702 
   35650     2.529 
   35700     2.395 
   35750     2.219 
   35800     0.410 
   35850     1.389 
   35900    -2.063 
   35950    -2.077 
   36000    -1.994 
   36050    -1.981 
   36100    -3.603 
   36150    -1.596 
   36200     1.078 
   36250     1.223 
   36300     3.238 
   36350     2.369 
   36400     1.352 
   36450     2.606 
   36500     0.199 
   36550     1.703 
   36600    -0.218 
   36650    -1.351 
   36700    -0.429 
   36750    -1.413 
   36800    -1.173 
   36850    -2.027 
   36900    -1.544 
   36950    -1.704 
   37000    -2.741 
   37050    -1.516 
   37100     1.128 
   37150     0.205 
   37200    -2.269 
   37250     2.313 
   37300     0.793 
   37350    -0.379 
   37400    -1.874 
   37450     1.435 
   37500     0.741 
   37550     1.531 
   37600    -2.721 
   37650    -1.950 
   37700    -1.816 
   37750    -2.752 
   37800    -1.095 
   37850     0.206 
   37900    -0.911 
   37950     1.484 
   38000     1.963 
   38050    -0.186 
   38100     1.937 
   38150     2.582 
   38200     2.801 
   38250    -0.667 
   38300     3.014 
   38350     5.162 
   38400     2.776 
   38450     2.144 
   38500     3.128 
   38550     0.376 
   38600     0.455 
   38650    -1.051 
   38700     1.458 
   38750    -0.538 
   38800    -0.568 
   38850    -0.191 
   38900     0.268 
   38950     0.220 
   39000    -0.266 
   39050    -0.437 
   39100    -2.739 
   39150     1.530 
   39200    -0.049 
   39250    -1.431 
   39300    -3.820 
   39350    -1.681 
   39400    -2.038 
   39450    -1.130 
   39500    -1.789 
   39550    -4.483 
   39600    -3.196 
   39650    -1.776 
   39700    -1.306 
   39750    -1.795 
   39800    -2.232 
   39850     0.007 
   39900    -0.495 
   39950     0.914 
   40000     2.029 
   40050     0.466 
   40100    -0.474 
   40150     3.009 
   40200     4.946 
   40250     3.177 
   40300     2.020 
   40350     0.533 
   40400     3.171 
   40450     2.166 
   40500     1.853 
   40550     2.924 
   40600     2.090 
   40650     1.130 
   40700    -1.183 
   40750    -1.438 
   40800    -3.886 
   40850    -4.780 
   40900    -1.572 
   40950    -0.256 
   41000     1.521 
   41050     2.095 
   41100     2.374 
   41150     3.688 
   41200     1.560 
   41250     2.391 
   41300    -0.532 
   41350     0.323 
   41400     1.789 
   41450     2.108 
   41500     1.898 
   41550     3.867 
   41600     0.998 
   41650     0.910 
   41700     4.837 
   41750     3.445 
   41800     3.594 
   41850     2.191 
   41900     1.810 
   41950    -0.495 
   42000    -1.048 
   42050     1.459 
   42100    -1.063 
   42150     2.606 
   42200     3.846 
   42250     0.911 
   42300     2.503 
   42350     2.413 
   42400     2.235 
   42450    -1.111 
   42500     5.498 
   42550     7.859 
   42600     4.239 
   42650     4.908 
   42700     5.305 
   42750     1.816 
   42800     1.660 
   42850     1.958 
   42900    -0.333 
   42950    -2.816 
   43000    -1.151 
   43050    -1.142 
   43100    -1.251 
   43150    -1.744 
   43200    -3.607 
   43250    -1.497 
   43300    -1.154 
   43350    -2.462 
   43400    -2.265 
   43450     0.415 
   43500     3.483 
   43550     0.263 
   43600     0.153 
   43650     3.394 
   43700     3.569 
   43750     0.336 
   43800     3.320 
   43850     4.102 
   43900     0.481 
   43950     1.759 
   44000     0.170 
   44050    -3.419 
   44100    -3.253 
   44150    -2.400 
   44200    -0.891 
   44250    -3.534 
   44300    -3.305 
   44350    -1.858 
   44400    -1.169 
   44450    -0.208 
   44500     1.153 
   44550    -2.023 
   44600    -4.080 
   44650    -3.649 
   44700    -2.215 
   44750    -1.204 
   44800    -2.458 
   44850    -3.602 
   44900    -0.916 
   44950    -2.004 
   45000    -3.989 
   45050    -2.729 
   45100    -0.295 
   45150    -1.242 
   45200    -2.713 
   45250    -3.274 
   45300    -1.324 
   45350    -1.903 
   45400    -3.250 
   45450    -1.908 
   45500    -0.158 
   45550    -0.174 
   45600    -1.899 
   45650    -1.291 
   45700     1.037 
   45750    -1.387 
   45800    -1.342 
   45850     0.593 
   45900     0.560 
   45950    -0.604 
   46000     1.114 
   46050     0.392 
   46100     0.432 
   46150    -1.451 
   46200     1.042 
   46250     0.544 
   46300     0.065 
   46350    -0.543 
   46400    -1.075 
   46450    -1.758 
   46500    -2.264 
   46550    -1.946 
   46600    -0.366 
   46650    -0.120 
   46700     0.885 
   46750    -0.266 
   46800     0.704 
   46850     0.786 
   46900     0.802 
   46950    -0.456 
   47000     1.677 
   47050     0.259 
   47100     3.028 
   47150     1.621 
   47200     1.312 
   47250     0.581 
   47300     0.835 
   47350     0.371 
   47400     1.328 
   47450     0.674 
   47500     0.918 
   47550    -1.372 
   47600    -1.994 
   47650    -1.107 
   47700    -2.459 
   47750    -2.603 
   47800     0.565 
   47850    -0.053 
   47900     0.898 
   47950    -0.086 
   48000    -0.072 
   48050     0.156 
   48100     0.881 
   48150     0.069 
   48200    -1.398 
   48250     0.569 
   48300    -3.925 
   48350    -4.428 
   48400    -4.916 
   48450    -3.947 
   48500    -4.093 
   48550    -3.322 
   48600    -1.280 
   48650    -0.879 
   48700    -1.216 
   48750    -1.723 
   48800    -0.404 
   48850    -0.656 
   48900    -0.434 
   48950     1.152 
   49000     2.764 
   49050     1.172 
   49100     3.514 
   49150     3.062 
   49200     1.924 
   49250     3.828 
   49300     1.606 
   49350     1.405 
   49400     0.635 
   49450     1.317 
   49500     2.911 
   49550     0.633 
   49600     0.759 
   49650     1.138 
   49700     1.127 
   49750    -1.045 
   49800     3.059 
   49850     1.097 
   49900     0.164 
   49950     0.489 
   50000     0.802 
   50050    -0.329 
   50100    -2.121 
   50150    -0.113 
   50200    -2.981 
   50250    -2.958 
   50300    -0.693 
   50350    -0.470 
   50400    -0.824 
   50450     0.176 
   50500     0.465 
   50550    -3.204 
   50600     1.904 
   50650    -0.605 
   50700     0.941 
   50750     0.757 
   50800    -0.575 
   50850    -1.734 
   50900     1.533 
   50950     0.871 
   51000    -0.819 
   51050    -0.880 
   51100     0.670 
   51150     0.740 
   51200     0.080 
   51250     1.522 
   51300     3.169 
   51350     1.807 
   51400     1.703 
   51450     0.987 
   51500     1.486 
   51550     2.144 
   51600     1.698 
   51650     3.766 
   51700     5.399 
   51750     3.012 
   51800     2.979 
   51850     3.254 
   51900     2.494 
   51950     2.198 
   52000     3.122 
   52050     1.733 
   52100     4.409 
   52150     2.034 
   52200     2.749 
   52250     1.521 
   52300    -0.195 
   52350    -0.691 
   52400     0.419 
   52450    -0.138 
   52500    -0.117 
   52550    -2.099 
   52600    -0.453 
   52650     1.880 
   52700     1.603 
   52750     2.034 
   52800     3.209 
   52850    -0.436 
   52900    -1.556 
   52950    -0.285 
   53000     0.744 
   53050     2.755 
   53100     1.072 
   53150     2.554 
   53200     0.563 
   53250     0.926 
   53300     2.278 
   53350     1.383 
   53400    -0.284 
   53450    -0.977 
   53500    -1.526 
   53550    -1.371 
   53600    -2.109 
   53650    -1.424 
   53700     0.552 
   53750     0.423 
   53800    -3.207 
   53850     0.208 
   53900    -1.801 
   53950    -2.218 
   54000     2.767 
   54050    -1.466 
   54100     1.303 
   54150     3.927 
   54200    -0.540 
   54250    -0.428 
   54300     3.038 
   54350    -0.155 
   54400    -0.632 
   54450     2.903 
   54500     2.648 
   54550     1.619 
   54600     3.657 
   54650     0.872 
   54700    -2.264 
   54750    -0.161 
   54800    -0.049 
   54850    -0.563 
   54900     0.435 
   54950     0.821 
   55000    -2.402 
   55050    -0.863 
   55100    -0.812 
   55150    -3.230 
   55200     0.870 
   55250    -0.336 
   55300    -2.447 
   55350    -1.106 
   55400    -0.216 
   55450    -2.926 
   55500     0.139 
   55550     1.012 
   55600    -1.964 
   55650     0.507 
   55700     0.644 
   55750    -0.281 
   55800     1.699 
   55850     0.502 
   55900     0.475 
   55950     1.364 
   56000     1.967 
   56050    -1.410 
   56100    -0.175 
   56150    -1.217 
   56200    -1.920 
   56250    -3.577 
   56300    -1.758 
   56350    -2.875 
   56400    -3.195 
   56450     3.517 
   56500    -1.195 
   56550     2.358 
   56600     2.693 
   56650     1.049 
   56700     0.366 
   56750     3.082 
   56800     1.499 
   56850    -1.660 
   56900     2.980 
   56950    -0.545 
   57000    -0.617 
   57050    -1.622 
   57100    -0.799 
   57150    -2.340 
   57200    -2.550 
   57250    -2.992 
   57300    -0.896 
   57350    -2.371 
   57400    -1.044 
   57450     0.317 
   57500     4.077 
   57550     3.000 
   57600     1.492 
   57650     4.084 
   57700     3.772 
   57750     3.104 
   57800     0.217 
   57850    -3.117 
   57900    -2.292 
   57950    -1.853 
   58000    -2.579 
   58050    -3.695 
   58100    -0.590 
   58150     0.939 
   58200     0.661 
   58250     1.908 
   58300    -0.872 
   58350    -1.048 
   58400     0.103 
   58450    -1.638 
   58500    -0.059 
   58550     1.370 
   58600     1.436 
   58650     1.826 
   58700     4.118 
   58750     4.283 
   58800     5.672 
   58850     5.472 
   58900     5.333 
   58950     4.144 
   59000     6.951 
   59050     6.333 
   59100     6.453 
   59150     2.085 
   59200     3.794 
   59250     2.885 
   59300    -0.340 
   59350     2.512 
   59400     2.830 
   59450     0.895 
   59500    -2.400 
   59550    -2.705 
   59600    -1.387 
   59650    -0.349 
   59700    -0.809 
   59750     0.374 
   59800     0.066 
   59850    -1.141 
   59900    -1.992 
   59950     0.815 
   60000     1.365 
   60050     1.327 
   60100     2.517 
   60150     1.294 
   60200     2.791 
   60250     3.205 
   60300     2.876 
   60350     0.775 
   60400     3.826 
   60450     2.831 
   60500     2.556 
   60550     3.208 
   60600     2.700 
   60650     1.629 
   60700     4.242 
   60750     0.514 
   60800     2.783 
   60850     3.085 
   60900     2.381 
   60950     2.541 
   61000     2.175 
   61050    -0.424 
   61100     1.011 
   61150     0.014 
   61200    -3.314 
   61250     0.993 
   61300     1.758 
   61350     1.430 
   61400     2.937 
   61450     3.954 
   61500     1.605 
   61550     3.670 
   61600     4.398 
   61650     0.668 
   61700     1.487 
   61750     1.538 
   61800     2.114 
   61850     0.372 
   61900     1.522 
   61950    -1.460 
   62000     0.457 
   62050     1.095 
   62100    -1.170 
   62150     3.118 
   62200     5.164 
   62250     2.085 
   62300     0.356 
   62350    -0.277 
   62400    -0.964 
   62450    -3.281 
   62500     1.154 
   62550     0.840 
   62600    -0.592 
   62650     1.324 
   62700    -0.257 
   62750    -0.842 
   62800     2.929 
   62850     0.397 
   62900    -0.004 
   62950     1.839 
   63000     1.313 
   63050    -2.179 
   63100     1.013 
   63150     2.132 
   63200     0.543 
   63250     2.648 
   63300     1.908 
   63350    -0.378 
   63400    -0.523 
   63450    -1.663 
   63500     0.095 
   63550    -3.379 
   63600    -3.188 
   63650    -1.238 
   63700    -2.782 
   63750    -3.888 
   63800    -0.991 
   63850    -5.619 
   63900    -3.801 
   63950    -4.377 
   64000    -1.512 
   64050     1.339 
   64100     1.799 
   64150     2.500 
   64200     0.407 
   64250     1.843 
   64300     2.315 
   64350     3.071 
   64400     2.844 
   64450     3.275 
   64500     1.314 
   64550     0.391 
   64600    -1.979 
   64650    -1.466 
   64700    -3.050 
   64750    -0.895 
   64800    -4.335 
   64850     0.298 
   64900     1.426 
   64950     2.263 
   65000     1.826 
   65050     3.480 
   65100     2.466 
   65150     2.034 
   65200     0.824 
   65250     1.215 
   65300    -0.902 
   65350     1.041 
   65400     1.497 
   65450     1.430 
   65500     2.838 
   65550     3.773 
   65600     1.127 
   65650     2.783 
   65700     1.744 
   65750    -0.618 
   65800     0.493 
   65850    -0.294 
   65900    -0.703 
   65950    -2.384 
   66000    -1.932 
   66050    -0.518 
   66100     1.961 
   66150    -0.494 
   66200     2.352 
   66250    -0.005 
   66300     0.812 
   66350     1.061 
   66400    -0.376 
   66450    -2.470 
   66500    -1.476 
   66550    -0.232 
   66600    -1.191 
   66650     1.009 
   66700     0.308 
   66750    -0.974 
   66800    -1.506 
   66850     0.235 
   66900     1.635 
   66950     1.733 
   67000     1.567 
   67050     5.412 
   67100     1.008 
   67150     0.308 
   67200    -1.597 
   67250    -1.059 
   67300    -2.126 
   67350    -3.179 
   67400    -4.639 
   67450    -3.948 
   67500    -4.608 
   67550    -2.828 
   67600    -7.626 
   67650    -6.377 
   67700    -6.313 
   67750    -5.406 
   67800    -7.957 
   67850    -7.134 
   67900    -4.138 
   67950    -5.190 
   68000    -1.853 
   68050    -0.514 
   68100    -0.035 
   68150     1.024 
   68200     1.197 
   68250     0.443 
   68300     0.543 
   68350     3.083 
   68400     2.323 
   68450     1.732 
   68500     1.851 
   68550     2.032 
   68600     4.870 
   68650    -0.522 
   68700     1.280 
   68750     6.626 
   68800     3.417 
   68850     3.021 
   68900     4.593 
   68950     2.618 
   69000     1.923 
   69050     1.566 
   69100     0.906 
   69150     2.258 
   69200     0.900 
   69250    -0.478 
   69300    -3.197 
   69350    -0.971 
   69400    -3.916 
   69450    -0.686 
   69500     3.746 
   69550     0.274 
   69600    -2.565 
   69650    -0.949 
   69700    -0.782 
   69750    -0.520 
   69800    -0.096 
   69850    -1.652 
   69900     2.257 
   69950     0.956 
   70000    -1.013 
   70050     0.818 
   70100     1.156 
   70150    -1.895 
   70200    -0.789 
   70250     0.716 
   70300    -2.305 
   70350    -3.717 
   70400    -0.228 
   70450    -1.152 
   70500    -0.008 
   70550     0.969 
   70600     0.979 
   70650     1.383 
   70700     1.326 
   70750     1.141 
   70800     2.102 
   70850     1.490 
   70900     0.764 
   70950     0.761 
   71000     2.417 
   71050    -0.490 
   71100    -1.489 
   71150    -0.119 
   71200    -0.971 
   71250     0.341 
   71300    -1.257 
   71350    -1.038 
   71400    -1.780 
   71450    -2.678 
   71500    -2.450 
   71550     0.582 
   71600    -1.098 
   71650    -1.767 
   71700    -0.535 
   71750     2.067 
   71800     1.236 
   71850    -0.875 
   71900    -0.073 
   71950    -1.129 
   72000    -4.390 
   72050     0.106 
   72100    -0.867 
   72150     0.258 
   72200    -2.581 
   72250    -3.117 
   72300    -1.158 
   72350    -0.429 
   72400    -0.247 
   72450     1.540 
   72500     2.575 
   72550     1.078 
   72600     1.738 
   72650     0.674 
   72700     4.222 
   72750     1.056 
   72800    -0.670 
   72850     1.778 
   72900     0.344 
   72950    -0.273 
   73000    -0.775 
   73050    -1.897 
   73100     0.752 
   73150    -1.347 
   73200     2.423 
   73250     4.022 
   73300     4.253 
   73350     2.451 
   73400     0.635 
   73450     0.229 
   73500     0.549 
   73550    -0.354 
   73600     0.801 
   73650    -1.611 
   73700    -0.553 
   73750    -3.443 
   73800    -2.772 
   73850    -3.280 
   73900    -2.296 
   73950     0.623 
   74000    -1.372 
   74050    -0.989 
   74100     1.663 
   74150     0.576 
   74200     1.531 
   74250    -0.092 
   74300     1.453 
   74350    -0.617 
   74400    -0.152 
   74450    -0.281 
   74500     3.134 
   74550    -1.241 
   74600    -2.595 
   74650    -1.629 
   74700    -0.442 
   74750    -3.727 
   74800    -4.422 
   74850    -3.575 
   74900    -4.789 
   74950    -7.005 
   75000    -0.511 
   75050     2.887 
   75100     2.785 
   75150     2.780 
   75200     5.501 
   75250     4.671 
   75300     1.771 
   75350     4.217 
   75400     4.150 
   75450     3.644 
   75500     5.326 
   75550     2.203 
   75600     2.543 
   75650     1.523 
   75700    -2.615 
   75750     0.561 
   75800     0.288 
   75850    -1.433 
   75900    -3.541 
   75950    -3.629 
   76000    -2.327 
   76050    -6.299 
   76100    -3.502 
   76150    -4.221 
   76200    -4.988 
   76250    -3.641 
   76300    -3.288 
   76350    -0.169 
   76400     0.350 
   76450     0.877 
   76500    -1.011 
   76550    -0.312 
   76600     3.371 
   76650     2.536 
   76700     1.751 
   76750     0.958 
   76800     0.848 
   76850    -2.913 
   76900     0.698 
   76950    -0.625 
   77000    -2.787 
   77050    -2.100 
   77100    -0.360 
   77150    -0.413 
   77200     1.753 
   77250    -1.046 
   77300     0.481 
   77350     1.328 
   77400     0.812 
   77450     1.647 
   77500     1.934 
   77550    -0.542 
   77600    -0.769 
   77650     2.055 
   77700     2.703 
   77750     1.933 
   77800    -0.974 
   77850     0.516 
   77900     0.171 
   77950     3.215 
   78000     2.201 
   78050     4.394 
   78100     5.250 
   78150     1.519 
   78200    -2.121 
   78250     0.560 
   78300     2.775 
   78350    -0.071 
   78400     0.477 
   78450     2.124 
   78500     0.701 
   78550     3.741 
   78600     0.095 
   78650     1.900 
   78700     2.985 
   78750     1.261 
   78800     0.496 
   78850     0.325 
   78900     0.421 
   78950    -0.739 
   79000    -1.805 
   79050    -3.817 
   79100    -4.727 
   79150    -5.285 
   79200    -3.065 
   79250    -1.906 
   79300    -1.752 
   79350    -1.235 
   79400    -2.257 
   79450    -0.803 
   79500    -1.847 
   79550    -1.486 
   79600     0.026 
   79650     1.113 
   79700    -1.602 
   79750     2.350 
   79800    -0.916 
   79850    -0.306 
   79900     2.225 
   79950    -0.405 
   80000    -0.758 
   80050     0.688 
   80100    -0.218 
   80150    -0.049 
   80200     1.561 
   80250     1.981 
   80300     0.188 
   80350     0.127 
   80400     1.040 
   80450    -1.428 
   80500    -2.289 
   80550    -2.547 
   80600     0.591 
   80650    -0.429 
   80700    -3.984 
   80750     0.527 
   80800     0.665 
   80850    -1.656 
   80900    -2.859 
   80950     1.260 
   81000    -0.999 
   81050    -1.929 
   81100     0.234 
   81150    -2.742 
   81200     0.498 
   81250     0.982 
   81300    -0.250 
   81350    -0.499 
   81400     0.557 
   81450    -2.885 
   81500     0.740 
   81550     2.420 
   81600    -0.954 
   81650     1.449 
   81700     1.216 
   81750     0.669 
   81800     1.252 
   81850     3.095 
   81900     0.202 
   81950     1.786 
   82000     0.458 
   82050    -0.808 
   82100    -0.039 
   82150    -2.511 
   82200    -3.190 
   82250    -3.395 
   82300     0.386 
   82350    -4.626 
   82400    -2.344 
   82450    -1.296 
   82500    -2.261 
   82550    -2.537 
   82600    -0.329 
   82650    -3.102 
   82700    -0.552 
   82750    -0.316 
   82800     0.305 
   82850     1.108 
   82900    -0.490 
   82950    -0.813 
   83000    -1.712 
   83050    -0.312 
   83100    -0.625 
   83150     0.272 
   83200    -0.277 
   83250     0.797 
   83300    -0.702 
   83350     0.131 
   83400     1.595 
   83450    -1.057 
   83500    -0.793 
   83550    -0.125 
   83600    -0.814 
   83650    -0.254 
   83700    -3.390 
   83750    -2.257 
   83800    -4.845 
   83850    -2.680 
   83900    -0.724 
   83950    -2.347 
   84000    -0.874 
   84050    -0.403 
   84100     1.554 
   84150     4.102 
   84200    -0.252 
   84250    -0.750 
   84300     0.044 
   84350     0.511 
   84400    -1.406 
   84450    -2.352 
   84500    -0.309 
   84550    -2.712 
   84600    -1.623 
   84650    -3.091 
   84700    -0.579 
   84750    -4.376 
   84800    -4.203 
   84850    -2.050 
   84900    -2.431 
   84950    -0.365 
   85000    -0.024 
   85050    -2.687 
   85100    -1.886 
   85150     2.492 
   85200    -1.481 
   85250    -1.191 
   85300     7.172 
   85350     1.736 
   85400     0.275 
   85450     2.384 
   85500    -1.307 
   85550     2.291 
   85600     1.789 
   85650     0.436 
   85700     1.408 
   85750     3.684 
   85800     0.002 
   85850     0.560 
   85900     3.582 
   85950     1.440 
   86000     2.512 
   86050     5.167 
   86100     2.200 
   86150     1.121 
   86200     0.684 
   86250     0.872 
   86300    -0.919 
   86350    -1.147 
   86400    -1.132 
   86450     5.372 
   86500     3.177 
   86550    -0.860 
   86600    -1.050 
   86650     2.196 
   86700     1.008 
   86750    -0.010 
   86800     1.002 
   86850    -2.480 
   86900    -2.368 
   86950    -6.021 
   87000     0.070 
   87050     1.180 
   87100    -2.687 
   87150     1.249 
   87200     1.480 
   87250     0.038 
   87300     0.913 
   87350     1.054 
   87400     1.337 
   87450     1.903 
   87500    -1.444 
   87550    -0.581 
   87600     1.856 
   87650     2.132 
   87700     4.360 
   87750     1.645 
   87800     1.858 
   87850     2.430 
   87900     1.237 
   87950     0.375 
   88000    -0.861 
   88050    -0.008 
   88100     0.625 
   88150    -0.461 
   88200    -0.831 
   88250    -4.896 
   88300    -2.059 
   88350    -1.685 
   88400    -1.249 
   88450    -1.412 
   88500    -0.007 
   88550    -2.512 
   88600    -4.058 
   88650    -2.381 
   88700    -2.781 
   88750    -3.613 
   88800    -0.809 
   88850     2.901 
   88900    -2.453 
   88950     1.827 
   89000    -0.378 
   89050     0.780 
   89100     2.722 
   89150     0.649 
   89200     1.797 
   89250     2.315 
   89300     1.110 
   89350    -1.053 
   89400    -0.199 
   89450    -1.178 
   89500    -2.894 
   89550    -2.933 
   89600     0.365 
   89650    -0.687 
   89700     4.046 
   89750    -0.325 
   89800    -1.234 
   89850     0.548 
   89900    -1.422 
   89950    -2.097 
   90000    -0.600 
   90050    -2.192 
   90100    -2.315 
   90150    -1.670 
   90200    -1.489 
   90250    -0.240 
   90300    -1.342 
   90350     0.055 
   90400     1.041 
   90450     2.073 
   90500     3.316 
   90550     3.043 
   90600     0.547 
   90650     2.546 
   90700     4.755 
   90750     0.698 
   90800    -1.040 
   90850     1.391 
   90900    -0.841 
   90950    -2.868 
   91000    -1.180 
   91050    -2.205 
   91100    -4.053 
   91150    -1.376 
   91200     0.283 
   91250     1.704 
   91300     2.276 
   91350     4.747 
   91400     0.030 
   91450    -0.101 
   91500     1.540 
   91550     5.251 
   91600     2.388 
   91650    -0.044 
   91700    -0.452 
   91750     1.214 
   91800    -0.685 
   91850     1.173 
   91900    -0.557 
   91950    -1.032 
   92000     0.854 
   92050     0.468 
   92100     1.984 
   92150     1.487 
   92200     2.320 
   92250     1.119 
   92300    -0.691 
   92350    -1.656 
   92400    -0.669 
   92450     0.692 
   92500    -0.087 
   92550     1.036 
   92600    -0.887 
   92650    -2.255 
   92700    -0.361 
   92750     0.890 
   92800     2.312 
   92850     2.720 
   92900     0.634 
   92950     2.060 
   93000     2.666 
   93050     2.991 
   93100     2.139 
   93150     0.189 
   93200     3.577 
   93250     3.249 
   93300     1.916 
   93350     1.587 
   93400    -2.736 
   93450    -3.370 
   93500    -1.972 
   93550    -0.796 
   93600     2.339 
   93650     0.216 
   93700    -0.348 
   93750     0.933 
   93800    -0.780 
   93850     1.369 
   93900    -1.009 
   93950    -0.765 
   94000     1.446 
   94050     0.949 
   94100    -0.495 
   94150    -1.334 
   94200    -2.939 
   94250    -1.979 
   94300    -0.405 
   94350    -3.126 
   94400    -1.152 
   94450    -2.861 
   94500    -1.673 
   94550    -2.343 
   94600    -0.925 
   94650    -5.467 
   94700    -2.069 
   94750    -2.855 
   94800    -2.223 
   94850    -2.636 
   94900    -1.060 
   94950    -1.506 
   95000     1.830 
   95050    -0.191 
   95100     0.607 
   95150     0.114 
   95200    -0.505 
   95250    -1.627 
   95300    -3.227 
   95350    -3.630 
   95400    -2.241 
   95450    -3.958 
   95500    -0.305 
   95550    -0.380 
   95600    -0.289 
   95650    -1.056 
   95700     2.857 
   95750     7.029 
   95800     4.226 
   95850     2.114 
   95900    -0.868 
   95950     4.795 
   96000    -0.654 
   96050    -3.386 
   96100    -0.462 
   96150     0.291 
   96200    -2.095 
   96250     0.122 
   96300     1.557 
   96350    -0.225 
   96400    -0.808 
   96450    -0.549 
   96500     0.489 
   96550     1.533 
   96600     2.755 
   96650    -1.634 
   96700     1.837 
   96750     3.451 
   96800    -0.821 
   96850     1.078 
   96900    -0.834 
   96950     0.365 
   97000     0.203 
   97050    -2.014 
   97100    -2.094 
   97150    -1.938 
   97200    -1.354 
   97250    -1.063 
   97300     0.416 
   97350     2.412 
   97400    -0.272 
   97450    -0.663 
   97500    -2.110 
   97550    -0.413 
   97600     0.843 
   97650    -3.123 
   97700     0.815 
   97750     1.118 
   97800    -0.951 
   97850    -2.294 
   97900     0.785 
   97950    -0.234 
   98000     0.429 
   98050    -0.297 
   98100     1.468 
   98150     1.394 
   98200    -0.989 
   98250     3.026 
   98300     0.806 
   98350     1.362 
   98400    -0.979 
   98450    -0.554 
   98500    -0.229 
   98550    -2.584 
   98600    -0.970 
   98650    -2.476 
   98700    -0.862 
   98750     0.344 
   98800     0.274 
   98850     0.470 
   98900    -0.316 
   98950     0.586 
   99000     0.841 
   99050     0.352 
   99100     1.956 
   99150    -0.334 
   99200    -0.931 
   99250    -1.299 
   99300    -1.095 
   99350    -0.476 
   99400    -0.399 
   99450    -1.915 
   99500    -0.090 
   99550    -1.117 
   99600    -4.286 
   99650    -0.879 
   99700     0.148 
   99750    -2.142 
   99800     2.190 
   99850     2.214 
   99900     1.448 
   99950     1.022 
