       0     4.751 
      50     2.625 
     100     3.463 
     150     2.391 
     200     1.883 
     250     6.753 
     300     5.385 
     350     6.141 
     400     7.648 
     450     6.443 
     500     5.314 
     550     9.325 
     600     6.442 
     650     6.157 
     700     5.455 
     750     6.132 
     800     3.018 
     850     2.197 
     900     6.007 
     950     7.687 
    1000     7.139 
    1050     9.091 
    1100     8.202 
    1150     7.400 
    1200     7.381 
    1250     6.970 
    1300     9.355 
    1350     7.344 
    1400     5.974 
    1450     6.585 
    1500     3.877 
    1550     3.232 
    1600     1.909 
    1650     1.648 
    1700     2.746 
    1750     3.908 
    1800     2.695 
    1850     4.712 
    1900     5.695 
    1950     5.684 
    2000     5.298 
    2050     6.017 
    2100     4.360 
    2150     2.681 
    2200     3.942 
    2250     5.012 
    2300     4.676 
    2350     4.296 
    2400     8.328 
    2450     5.038 
    2500     9.202 
    2550     8.742 
    2600     8.565 
    2650     7.130 
    2700     9.190 
    2750     6.763 
    2800     4.963 
    2850     4.490 
    2900     5.888 
    2950     3.504 
    3000     5.078 
    3050     4.629 
    3100     6.961 
    3150     6.515 
    3200     6.577 
    3250     6.899 
    3300     6.398 
    3350     6.026 
    3400     4.854 
    3450     7.435 
    3500     5.754 
    3550     6.955 
    3600     8.125 
    3650     5.111 
    3700     5.941 
    3750     5.702 
    3800     7.988 
    3850     5.650 
    3900     5.724 
    3950     5.253 
    4000     5.504 
    4050     6.794 
    4100     4.739 
    4150     7.019 
    4200     7.289 
    4250     6.660 
    4300     7.478 
    4350     5.318 
    4400     7.615 
    4450     5.231 
    4500     7.951 
    4550     8.831 
    4600     9.859 
    4650     7.137 
    4700     4.970 
    4750     1.368 
    4800     3.367 
    4850    -0.286 
    4900     1.490 
    4950     4.288 
    5000     6.153 
    5050     6.658 
    5100     8.743 
    5150     8.454 
    5200     8.055 
    5250     5.965 
    5300     9.489 
    5350     6.559 
    5400     4.935 
    5450     5.538 
    5500     7.449 
    5550     7.709 
    5600     9.140 
    5650     8.310 
    5700     9.306 
    5750    10.145 
    5800     9.783 
    5850     7.800 
    5900     9.994 
    5950     8.418 
    6000    10.116 
    6050    10.785 
    6100    11.334 
    6150     8.225 
    6200     8.168 
    6250     7.986 
    6300     7.434 
    6350     7.982 
    6400     7.996 
    6450     5.689 
    6500     7.942 
    6550     6.139 
    6600     5.596 
    6650     8.144 
    6700     6.628 
    6750     5.079 
    6800     7.404 
    6850     4.424 
    6900     6.223 
    6950     4.976 
    7000     5.113 
    7050     3.193 
    7100     5.235 
    7150     2.093 
    7200     4.983 
    7250     2.642 
    7300     5.260 
    7350     4.885 
    7400     8.561 
    7450     7.321 
    7500     4.888 
    7550     9.080 
    7600     9.026 
    7650     7.457 
    7700     7.184 
    7750     7.014 
    7800     6.740 
    7850     3.870 
    7900     7.071 
    7950     7.027 
    8000     7.695 
    8050     6.049 
    8100     8.483 
    8150     7.111 
    8200     7.032 
    8250     4.994 
    8300     6.254 
    8350     7.992 
    8400     3.754 
    8450     2.428 
    8500     3.014 
    8550     7.249 
    8600     5.518 
    8650     5.606 
    8700     3.433 
    8750     4.241 
    8800     5.301 
    8850     6.039 
    8900     3.548 
    8950     4.872 
    9000     5.057 
    9050     2.242 
    9100     4.196 
    9150     3.384 
    9200     2.182 
    9250     1.977 
    9300     4.188 
    9350     1.393 
    9400     2.479 
    9450     3.033 
    9500     2.157 
    9550     5.038 
    9600     6.021 
    9650     6.936 
    9700     4.259 
    9750     4.309 
    9800     4.912 
    9850     3.545 
    9900     3.661 
    9950     5.074 
   10000     3.608 
   10050     2.904 
   10100     5.374 
   10150     5.995 
   10200     4.008 
   10250     5.262 
   10300     4.898 
   10350     3.229 
   10400     5.373 
   10450     7.356 
   10500     7.639 
   10550     8.514 
   10600     8.686 
   10650     7.974 
   10700     8.748 
   10750     6.565 
   10800     5.285 
   10850     7.356 
   10900     7.282 
   10950     3.058 
   11000     4.876 
   11050     6.265 
   11100     5.016 
   11150     6.364 
   11200     7.037 
   11250     4.877 
   11300     5.222 
   11350     3.456 
   11400     1.539 
   11450     6.929 
   11500     4.906 
   11550     4.062 
   11600     3.701 
   11650     6.878 
   11700     6.609 
   11750     2.060 
   11800     3.732 
   11850     5.011 
   11900     5.516 
   11950     3.808 
   12000     6.275 
   12050     6.033 
   12100     5.562 
   12150     2.983 
   12200     4.846 
   12250     6.991 
   12300     7.364 
   12350     3.601 
   12400     6.314 
   12450     6.305 
   12500     4.672 
   12550     6.834 
   12600     8.112 
   12650    10.426 
   12700     7.439 
   12750     6.823 
   12800     7.179 
   12850     8.583 
   12900     8.238 
   12950     7.197 
   13000     5.407 
   13050     9.886 
   13100     6.121 
   13150     4.891 
   13200     3.659 
   13250     6.028 
   13300     6.899 
   13350     3.022 
   13400     3.776 
   13450     6.014 
   13500     5.301 
   13550     4.029 
   13600     4.569 
   13650     7.003 
   13700     4.939 
   13750     3.449 
   13800     7.874 
   13850     5.604 
   13900     3.463 
   13950     3.475 
   14000     4.288 
   14050     3.160 
   14100     2.363 
   14150     5.219 
   14200     1.139 
   14250     5.887 
   14300     2.727 
   14350     1.682 
   14400     3.931 
   14450     5.981 
   14500     7.218 
   14550     3.262 
   14600     2.546 
   14650     4.546 
   14700     2.133 
   14750     3.731 
   14800     6.027 
   14850     7.067 
   14900     8.201 
   14950     6.120 
   15000     8.205 
   15050     4.849 
   15100     6.117 
   15150     4.764 
   15200     3.848 
   15250     3.322 
   15300     2.906 
   15350     3.591 
   15400     4.095 
   15450     2.490 
   15500     3.923 
   15550     4.476 
   15600     5.370 
   15650     2.204 
   15700     1.279 
   15750     3.924 
   15800     1.538 
   15850     3.881 
   15900     4.376 
   15950     3.090 
   16000     3.278 
   16050     5.820 
   16100     4.530 
   16150     5.355 
   16200     7.147 
   16250     8.504 
   16300     5.649 
   16350     6.250 
   16400     6.075 
   16450     5.081 
   16500     5.680 
   16550     5.519 
   16600     4.908 
   16650     5.855 
   16700     6.508 
   16750     5.360 
   16800     7.145 
   16850     8.481 
   16900     6.688 
   16950     7.224 
   17000    10.015 
   17050     9.305 
   17100     6.566 
   17150     5.711 
   17200     6.018 
   17250     5.721 
   17300     3.752 
   17350     3.470 
   17400     6.145 
   17450     4.520 
   17500     3.615 
   17550     4.346 
   17600     5.399 
   17650     6.416 
   17700     5.771 
   17750     4.690 
   17800     3.623 
   17850     5.292 
   17900     3.772 
   17950     5.374 
   18000     9.227 
   18050     8.117 
   18100     8.221 
   18150     7.968 
   18200    11.292 
   18250     7.576 
   18300     7.180 
   18350     8.146 
   18400     4.297 
   18450     6.767 
   18500     9.206 
   18550     9.037 
   18600     8.356 
   18650    10.661 
   18700     7.196 
   18750     7.522 
   18800     9.363 
   18850     8.651 
   18900     7.363 
   18950     7.196 
   19000     4.082 
   19050     4.502 
   19100     6.196 
   19150     4.501 
   19200     3.021 
   19250     7.137 
   19300     4.708 
   19350     4.230 
   19400     4.476 
   19450     2.771 
   19500     1.861 
   19550     1.454 
   19600     2.443 
   19650     5.958 
   19700     8.997 
   19750     6.648 
   19800     8.518 
   19850     8.762 
   19900     7.894 
   19950     9.282 
   20000    10.008 
   20050     8.447 
   20100     9.442 
   20150     8.295 
   20200     6.379 
   20250     7.849 
   20300     7.881 
   20350     5.671 
   20400     7.018 
   20450     5.413 
   20500     2.676 
   20550     1.527 
   20600     3.826 
   20650    -0.778 
   20700    -0.325 
   20750     4.544 
   20800     6.248 
   20850     4.953 
   20900     6.696 
   20950    11.363 
   21000     7.736 
   21050     7.752 
   21100     6.548 
   21150     6.049 
   21200     4.953 
   21250     4.279 
   21300     5.262 
   21350     5.194 
   21400     4.359 
   21450     6.634 
   21500     6.117 
   21550     3.605 
   21600     6.996 
   21650     6.548 
   21700     3.113 
   21750     5.185 
   21800     7.161 
   21850     3.417 
   21900     3.881 
   21950     5.239 
   22000     4.608 
   22050     2.911 
   22100     4.423 
   22150     2.278 
   22200     3.461 
   22250     4.724 
   22300     4.242 
   22350     5.361 
   22400     3.699 
   22450     2.368 
   22500     3.545 
   22550     4.679 
   22600     0.538 
   22650     0.514 
   22700     3.551 
   22750     4.103 
   22800     3.081 
   22850     1.862 
   22900     0.675 
   22950     3.923 
   23000     4.837 
   23050     5.474 
   23100     6.476 
   23150     4.746 
   23200     3.315 
   23250     5.335 
   23300     5.777 
   23350     5.451 
   23400     7.349 
   23450     5.681 
   23500     2.206 
   23550     6.589 
   23600     5.209 
   23650     3.334 
   23700     4.780 
   23750     5.844 
   23800     5.758 
   23850     3.064 
   23900     8.270 
   23950     6.816 
   24000     4.822 
   24050     6.411 
   24100     5.700 
   24150     5.438 
   24200     6.206 
   24250     5.588 
   24300     6.737 
   24350     6.169 
   24400     5.602 
   24450     5.317 
   24500     6.546 
   24550     4.002 
   24600     7.601 
   24650     5.447 
   24700     4.979 
   24750     5.477 
   24800     6.549 
   24850     7.011 
   24900     6.628 
   24950     5.330 
   25000     4.391 
   25050     6.001 
   25100     4.865 
   25150     4.541 
   25200     6.646 
   25250     4.152 
   25300     2.138 
   25350     5.857 
   25400     6.987 
   25450     5.311 
   25500     3.093 
   25550     8.012 
   25600     4.879 
   25650     5.404 
   25700     8.984 
   25750     4.506 
   25800     4.353 
   25850     6.811 
   25900     5.840 
   25950     4.057 
   26000     3.530 
   26050     5.134 
   26100     5.707 
   26150     4.669 
   26200     3.132 
   26250     3.074 
   26300     3.405 
   26350     5.420 
   26400     2.293 
   26450     3.322 
   26500     3.511 
   26550     6.315 
   26600     4.059 
   26650     4.207 
   26700     7.834 
   26750     4.873 
   26800     4.822 
   26850     6.128 
   26900     8.605 
   26950     7.366 
   27000     5.733 
   27050     5.981 
   27100     9.275 
   27150     5.922 
   27200     6.970 
   27250     8.562 
   27300     7.166 
   27350     6.238 
   27400     6.181 
   27450     7.762 
   27500     5.622 
   27550     6.084 
   27600     5.175 
   27650     6.828 
   27700     5.928 
   27750     5.355 
   27800     5.535 
   27850     5.282 
   27900     7.428 
   27950     6.782 
   28000     7.168 
   28050     5.446 
   28100     5.963 
   28150     5.965 
   28200     6.012 
   28250     3.362 
   28300     5.022 
   28350     5.556 
   28400     6.272 
   28450     5.303 
   28500     6.305 
   28550     7.599 
   28600     3.702 
   28650     4.651 
   28700     4.490 
   28750     5.558 
   28800     6.181 
   28850     9.085 
   28900     6.005 
   28950     4.020 
   29000     5.240 
   29050     6.449 
   29100     4.238 
   29150     5.755 
   29200     7.153 
   29250     3.872 
   29300     7.376 
   29350     6.180 
   29400     3.989 
   29450     5.579 
   29500     5.095 
   29550     4.965 
   29600     6.082 
   29650     6.058 
   29700     4.861 
   29750     7.049 
   29800     7.742 
   29850     6.499 
   29900     6.595 
   29950     5.653 
   30000     4.441 
   30050     6.405 
   30100     5.735 
   30150     5.640 
   30200     6.044 
   30250     5.731 
   30300     4.882 
   30350     5.408 
   30400     7.036 
   30450     3.327 
   30500     5.053 
   30550     5.273 
   30600     4.669 
   30650     4.964 
   30700     8.215 
   30750     7.543 
   30800     7.714 
   30850     7.330 
   30900     7.655 
   30950     7.675 
   31000     5.706 
   31050     6.494 
   31100     6.317 
   31150     5.600 
   31200     4.021 
   31250     3.156 
   31300     3.533 
   31350     4.231 
   31400     4.084 
   31450     3.923 
   31500     4.268 
   31550     4.811 
   31600     1.488 
   31650     2.057 
   31700     5.835 
   31750     7.247 
   31800     2.045 
   31850     4.346 
   31900     5.823 
   31950     4.737 
   32000     5.515 
   32050     6.798 
   32100    10.095 
   32150     8.230 
   32200     6.511 
   32250     9.369 
   32300     5.655 
   32350     1.689 
   32400     4.658 
   32450     3.563 
   32500     3.226 
   32550     3.161 
   32600     5.822 
   32650     7.801 
   32700     4.908 
   32750     4.991 
   32800     5.836 
   32850     4.917 
   32900     3.667 
   32950     5.314 
   33000     9.276 
   33050     6.214 
   33100     5.998 
   33150     8.409 
   33200     6.014 
   33250     5.622 
   33300     6.923 
   33350     2.271 
   33400     3.609 
   33450     3.452 
   33500     2.901 
   33550     3.168 
   33600     5.652 
   33650     6.472 
   33700     3.992 
   33750     1.595 
   33800     5.030 
   33850     5.656 
   33900     4.315 
   33950     3.176 
   34000     3.475 
   34050     3.618 
   34100     4.863 
   34150     3.065 
   34200     2.184 
   34250     3.017 
   34300     5.527 
   34350     4.497 
   34400     2.696 
   34450     3.929 
   34500     3.643 
   34550     3.770 
   34600     4.656 
   34650     4.812 
   34700     6.214 
   34750     6.456 
   34800     3.786 
   34850     5.180 
   34900     6.701 
   34950     3.592 
   35000     2.585 
   35050     4.399 
   35100     7.270 
   35150     5.754 
   35200     5.294 
   35250     5.378 
   35300     4.397 
   35350     5.405 
   35400     5.038 
   35450     3.205 
   35500     3.776 
   35550     3.319 
   35600     4.201 
   35650     5.944 
   35700     5.162 
   35750     3.588 
   35800     2.588 
   35850     3.447 
   35900     3.041 
   35950     1.162 
   36000     3.995 
   36050     3.786 
   36100     5.263 
   36150     5.419 
   36200     2.706 
   36250     3.452 
   36300     5.330 
   36350     5.317 
   36400     4.373 
   36450     3.073 
   36500     7.161 
   36550     4.924 
   36600     3.968 
   36650     4.290 
   36700     5.805 
   36750     7.356 
   36800     5.937 
   36850     1.059 
   36900     5.760 
   36950     1.820 
   37000     4.580 
   37050     5.917 
   37100     7.732 
   37150     6.350 
   37200     6.748 
   37250     7.703 
   37300     8.482 
   37350     4.728 
   37400     2.611 
   37450     2.746 
   37500     1.904 
   37550     3.375 
   37600     2.412 
   37650     3.620 
   37700     3.007 
   37750     5.708 
   37800     3.988 
   37850     4.457 
   37900     8.103 
   37950     7.438 
   38000     5.524 
   38050     5.144 
   38100     5.772 
   38150     6.106 
   38200     6.188 
   38250     7.948 
   38300     7.438 
   38350     7.545 
   38400     6.738 
   38450     8.275 
   38500     6.153 
   38550     3.477 
   38600     1.683 
   38650     2.365 
   38700     4.728 
   38750     1.538 
   38800     2.358 
   38850     4.029 
   38900     2.668 
   38950     5.544 
   39000     3.707 
   39050     3.087 
   39100     4.416 
   39150     2.750 
   39200     3.300 
   39250     4.949 
   39300     1.849 
   39350     3.036 
   39400     3.415 
   39450     4.109 
   39500     2.513 
   39550     2.167 
   39600     2.500 
   39650     3.172 
   39700     4.940 
   39750     4.467 
   39800     4.639 
   39850     6.588 
   39900     6.345 
   39950     9.790 
   40000     7.715 
   40050     6.971 
   40100     7.763 
   40150     4.045 
   40200     4.644 
   40250     6.214 
   40300     6.542 
   40350     6.289 
   40400     9.873 
   40450     9.518 
   40500     5.051 
   40550     4.463 
   40600     5.549 
   40650     2.568 
   40700     4.705 
   40750     3.603 
   40800     4.187 
   40850     5.978 
   40900     6.171 
   40950     6.265 
   41000     5.822 
   41050     5.611 
   41100     4.677 
   41150     3.449 
   41200     5.491 
   41250     3.147 
   41300     2.034 
   41350     3.549 
   41400     4.498 
   41450     1.264 
   41500     6.992 
   41550     5.117 
   41600     7.418 
   41650     5.937 
   41700     5.987 
   41750     4.951 
   41800     5.973 
   41850     4.690 
   41900     5.338 
   41950     5.647 
   42000     3.868 
   42050     4.329 
   42100     6.067 
   42150     6.402 
   42200     8.274 
   42250     9.021 
   42300     5.950 
   42350     7.191 
   42400     5.951 
   42450     2.701 
   42500     1.710 
   42550     4.004 
   42600     5.830 
   42650     4.551 
   42700     6.365 
   42750     8.302 
   42800     9.436 
   42850     9.335 
   42900     9.884 
   42950     7.363 
   43000     6.878 
   43050     5.929 
   43100     4.142 
   43150     4.047 
   43200     6.855 
   43250     3.792 
   43300     6.046 
   43350     7.195 
   43400     3.742 
   43450     6.944 
   43500     6.536 
   43550     5.969 
   43600     7.218 
   43650     8.646 
   43700     6.320 
   43750     6.929 
   43800     8.695 
   43850     6.449 
   43900     7.990 
   43950     6.288 
   44000     2.848 
   44050     3.189 
   44100     4.998 
   44150     2.352 
   44200     4.026 
   44250     3.808 
   44300     6.822 
   44350     7.011 
   44400     7.894 
   44450     7.655 
   44500     9.295 
   44550     6.378 
   44600     7.000 
   44650    10.473 
   44700     6.620 
   44750     4.608 
   44800     4.819 
   44850     3.423 
   44900     3.548 
   44950     3.943 
   45000     2.570 
   45050     1.519 
   45100     2.701 
   45150     1.793 
   45200     2.005 
   45250     8.684 
   45300     5.140 
   45350     5.098 
   45400     6.660 
   45450     7.881 
   45500     6.825 
   45550     8.150 
   45600     8.719 
   45650     7.708 
   45700     8.579 
   45750     9.497 
   45800     5.943 
   45850     6.203 
   45900     3.449 
   45950     2.137 
   46000     3.175 
   46050     6.370 
   46100     2.550 
   46150     2.768 
   46200     2.282 
   46250     5.740 
   46300     4.779 
   46350     6.874 
   46400     5.214 
   46450     7.861 
   46500     9.469 
   46550     4.772 
   46600     6.671 
   46650     6.522 
   46700     5.849 
   46750     3.629 
   46800     6.786 
   46850     7.082 
   46900     5.706 
   46950     5.491 
   47000     7.294 
   47050     6.795 
   47100     7.025 
   47150     7.461 
   47200     5.268 
   47250     6.884 
   47300     5.396 
   47350     4.723 
   47400     4.233 
   47450     4.672 
   47500     5.169 
   47550     1.420 
   47600     6.736 
   47650     7.711 
   47700     8.044 
   47750     3.766 
   47800     7.503 
   47850     8.241 
   47900     5.426 
   47950     4.749 
   48000     5.636 
   48050     2.085 
   48100     2.399 
   48150     1.517 
   48200     1.362 
   48250     4.810 
   48300     1.882 
   48350     1.971 
   48400     7.822 
   48450     3.315 
   48500     4.707 
   48550     6.771 
   48600     7.453 
   48650     2.307 
   48700     4.530 
   48750     6.343 
   48800     5.413 
   48850     5.924 
   48900     5.018 
   48950     6.959 
   49000     6.764 
   49050     5.175 
   49100     6.644 
   49150     3.570 
   49200     5.460 
   49250     5.609 
   49300     5.943 
   49350     6.479 
   49400     7.488 
   49450     9.879 
   49500    11.308 
   49550     8.837 
   49600     8.263 
   49650     9.313 
   49700     7.321 
   49750     5.997 
   49800     5.894 
   49850     3.876 
   49900     4.499 
   49950     6.908 
   50000     3.354 
   50050     3.046 
   50100     4.670 
   50150     4.914 
   50200     3.046 
   50250     6.995 
   50300     8.345 
   50350     4.164 
   50400     5.764 
   50450     7.394 
   50500     7.112 
   50550     4.091 
   50600     5.924 
   50650     5.138 
   50700     5.461 
   50750     5.821 
   50800     7.082 
   50850     6.842 
   50900     4.271 
   50950     4.903 
   51000     6.145 
   51050     6.200 
   51100     1.989 
   51150     5.054 
   51200     6.294 
   51250     5.428 
   51300     3.187 
   51350     7.596 
   51400     6.531 
   51450     6.133 
   51500     5.406 
   51550     6.132 
   51600     4.635 
   51650     5.613 
   51700     4.548 
   51750     6.198 
   51800     7.271 
   51850     7.565 
   51900     7.200 
   51950     8.737 
   52000     6.662 
   52050     7.066 
   52100     8.756 
   52150     7.634 
   52200     5.474 
   52250    10.976 
   52300     8.186 
   52350     7.476 
   52400     9.626 
   52450     6.896 
   52500     4.671 
   52550     3.177 
   52600     3.559 
   52650    -1.406 
   52700     0.299 
   52750     1.257 
   52800     2.671 
   52850     1.819 
   52900    -0.609 
   52950     0.216 
   53000     2.384 
   53050     3.951 
   53100     3.946 
   53150     4.745 
   53200     7.050 
   53250     5.957 
   53300     4.286 
   53350     6.841 
   53400     8.860 
   53450     6.947 
   53500     5.157 
   53550     8.962 
   53600     7.879 
   53650     7.988 
   53700     8.324 
   53750     4.902 
   53800     5.521 
   53850     4.791 
   53900     5.023 
   53950     3.914 
   54000     6.875 
   54050     2.818 
   54100     5.590 
   54150     5.471 
   54200     4.874 
   54250     4.865 
   54300     3.834 
   54350     5.361 
   54400     5.529 
   54450     4.680 
   54500     7.284 
   54550     5.594 
   54600     7.083 
   54650     9.087 
   54700     7.978 
   54750     4.807 
   54800     8.592 
   54850     7.405 
   54900     5.210 
   54950     4.209 
   55000     4.682 
   55050     3.675 
   55100     4.971 
   55150     5.485 
   55200     6.282 
   55250     5.925 
   55300     8.757 
   55350     8.331 
   55400     6.900 
   55450     8.335 
   55500     8.067 
   55550     7.358 
   55600     5.908 
   55650     9.817 
   55700     4.938 
   55750     8.135 
   55800    10.270 
   55850     8.616 
   55900     7.727 
   55950     8.927 
   56000     9.022 
   56050     6.559 
   56100     8.063 
   56150     4.327 
   56200     3.073 
   56250     4.151 
   56300     6.539 
   56350     1.862 
   56400     5.578 
   56450     2.933 
   56500     5.070 
   56550     1.715 
   56600     3.735 
   56650     4.575 
   56700     3.828 
   56750     3.995 
   56800     2.396 
   56850     5.503 
   56900     5.703 
   56950     5.382 
   57000     8.535 
   57050    10.172 
   57100    11.265 
   57150     8.693 
   57200     7.868 
   57250    10.187 
   57300     7.769 
   57350     5.657 
   57400     8.607 
   57450     5.562 
   57500     6.285 
   57550     7.458 
   57600     6.530 
   57650     6.224 
   57700     7.629 
   57750     8.595 
   57800     3.785 
   57850     6.064 
   57900     4.177 
   57950     3.737 
   58000     4.795 
   58050     4.228 
   58100     2.269 
   58150     2.133 
   58200     2.207 
   58250     3.200 
   58300     2.772 
   58350     1.748 
   58400     5.631 
   58450     7.844 
   58500     5.612 
   58550     7.529 
   58600     7.763 
   58650     7.018 
   58700     6.672 
   58750     8.499 
   58800     7.958 
   58850     7.010 
   58900     6.189 
   58950     5.551 
   59000     3.392 
   59050     1.794 
   59100     3.682 
   59150     4.945 
   59200     3.855 
   59250     4.291 
   59300     7.532 
   59350     3.614 
   59400     4.192 
   59450     5.433 
   59500     3.864 
   59550     4.847 
   59600     3.795 
   59650     4.787 
   59700     1.903 
   59750     6.423 
   59800     5.468 
   59850     3.727 
   59900     4.563 
   59950     4.618 
   60000     2.379 
   60050     2.474 
   60100     3.045 
   60150     4.031 
   60200     2.160 
   60250     5.990 
   60300     4.825 
   60350     4.115 
   60400     6.589 
   60450     5.390 
   60500     3.842 
   60550     6.184 
   60600     4.916 
   60650     6.845 
   60700     8.440 
   60750     6.095 
   60800     6.596 
   60850     8.042 
   60900     5.103 
   60950     5.116 
   61000     7.533 
   61050     5.087 
   61100     4.566 
   61150     8.075 
   61200     6.948 
   61250     3.232 
   61300     8.157 
   61350     4.572 
   61400     4.082 
   61450     6.163 
   61500     4.752 
   61550     5.565 
   61600     7.379 
   61650     7.641 
   61700     6.847 
   61750     7.912 
   61800    10.341 
   61850    11.516 
   61900    10.075 
   61950     8.877 
   62000    12.515 
   62050     9.386 
   62100     7.564 
   62150    13.515 
   62200     8.395 
   62250     7.262 
   62300     9.045 
   62350     8.500 
   62400     9.929 
   62450    11.384 
   62500     8.311 
   62550     9.659 
   62600     7.701 
   62650     6.577 
   62700     6.665 
   62750     8.084 
   62800     5.690 
   62850     6.156 
   62900     6.126 
   62950     7.062 
   63000     5.641 
   63050     8.505 
   63100     8.025 
   63150     7.686 
   63200     8.587 
   63250     7.237 
   63300     5.660 
   63350     4.372 
   63400     5.753 
   63450     3.030 
   63500     4.342 
   63550     1.241 
   63600     2.717 
   63650     2.494 
   63700     1.458 
   63750     3.294 
   63800     1.573 
   63850     1.812 
   63900    -0.095 
   63950     2.255 
   64000     0.354 
   64050    -0.061 
   64100     1.845 
   64150     2.256 
   64200     2.977 
   64250     3.042 
   64300     3.708 
   64350     4.885 
   64400     4.219 
   64450     6.695 
   64500     3.942 
   64550     7.490 
   64600     4.212 
   64650     4.359 
   64700     4.572 
   64750     7.074 
   64800     5.051 
   64850     5.716 
   64900     5.767 
   64950     7.639 
   65000     5.883 
   65050     7.340 
   65100     7.955 
   65150     9.020 
   65200     8.083 
   65250     8.773 
   65300     7.395 
   65350     6.525 
   65400     9.096 
   65450     7.639 
   65500     6.921 
   65550     5.008 
   65600     5.498 
   65650     5.478 
   65700     4.343 
   65750     2.823 
   65800     4.611 
   65850     3.596 
   65900     1.987 
   65950     7.994 
   66000     4.473 
   66050     3.029 
   66100     5.061 
   66150     3.531 
   66200     4.390 
   66250     4.076 
   66300     6.174 
   66350     3.252 
   66400     3.073 
   66450     1.547 
   66500     4.494 
   66550     4.917 
   66600     6.983 
   66650     6.152 
   66700     8.136 
   66750     6.248 
   66800     6.257 
   66850     6.149 
   66900     8.676 
   66950     6.029 
   67000     5.995 
   67050     8.409 
   67100     6.005 
   67150     8.860 
   67200     6.988 
   67250     6.161 
   67300     8.322 
   67350     6.998 
   67400     6.578 
   67450     4.619 
   67500     7.012 
   67550     8.033 
   67600     5.953 
   67650     6.965 
   67700     5.212 
   67750     4.768 
   67800     6.417 
   67850     5.254 
   67900     4.053 
   67950     6.613 
   68000     2.963 
   68050     5.820 
   68100     6.243 
   68150     3.510 
   68200     4.359 
   68250     6.707 
   68300     6.284 
   68350     4.114 
   68400     7.950 
   68450     8.147 
   68500     8.869 
   68550     7.005 
   68600     7.814 
   68650    10.106 
   68700     7.620 
   68750     8.994 
   68800     8.463 
   68850    10.988 
   68900     8.872 
   68950     9.289 
   69000     7.242 
   69050     3.109 
   69100     5.221 
   69150     8.918 
   69200     9.639 
   69250     7.224 
   69300    11.207 
   69350     9.453 
   69400     6.488 
   69450     7.035 
   69500     8.950 
   69550     7.694 
   69600     5.874 
   69650     6.335 
   69700     7.410 
   69750     5.517 
   69800     4.663 
   69850     6.498 
   69900     5.112 
   69950     4.811 
   70000     3.612 
   70050     2.863 
   70100     2.372 
   70150     4.639 
   70200     4.315 
   70250     3.239 
   70300     5.349 
   70350     4.385 
   70400     1.841 
   70450     3.439 
   70500     3.558 
   70550     2.834 
   70600     4.657 
   70650     7.252 
   70700     5.431 
   70750     2.121 
   70800     5.641 
   70850     6.644 
   70900     3.358 
   70950     6.041 
   71000     5.431 
   71050     6.364 
   71100     9.119 
   71150    10.962 
   71200     8.794 
   71250     8.631 
   71300     8.524 
   71350     9.902 
   71400     5.958 
   71450     8.429 
   71500     7.849 
   71550     1.662 
   71600     3.707 
   71650     3.555 
   71700     2.666 
   71750     2.297 
   71800     1.364 
   71850     4.608 
   71900     4.754 
   71950     3.912 
   72000     5.470 
   72050     5.365 
   72100     5.640 
   72150     4.411 
   72200     5.026 
   72250     6.017 
   72300     3.717 
   72350     4.383 
   72400     4.138 
   72450     4.691 
   72500     2.738 
   72550     3.203 
   72600     2.783 
   72650     0.536 
   72700     2.414 
   72750     6.982 
   72800     7.108 
   72850     7.154 
   72900     7.877 
   72950     7.937 
   73000     8.643 
   73050     7.025 
   73100     9.714 
   73150     5.485 
   73200     6.580 
   73250     7.047 
   73300     4.136 
   73350    -0.179 
   73400     0.419 
   73450     2.160 
   73500     2.480 
   73550     1.301 
   73600     5.626 
   73650     5.695 
   73700     5.467 
   73750     2.956 
   73800     1.743 
   73850     0.392 
   73900     2.477 
   73950     4.645 
   74000     3.566 
   74050     4.505 
   74100     2.140 
   74150     1.910 
   74200     3.596 
   74250     1.221 
   74300     2.132 
   74350     2.612 
   74400     3.737 
   74450     2.025 
   74500    -0.144 
   74550     4.892 
   74600     4.914 
   74650     2.036 
   74700     2.611 
   74750     3.931 
   74800     2.015 
   74850     3.490 
   74900     6.448 
   74950     2.612 
   75000     2.370 
   75050     6.723 
   75100     4.888 
   75150     5.360 
   75200     4.320 
   75250     6.425 
   75300     6.432 
   75350     6.033 
   75400     7.544 
   75450     5.819 
   75500     6.426 
   75550     7.240 
   75600     4.734 
   75650     3.530 
   75700     5.274 
   75750     5.255 
   75800     3.442 
   75850     3.161 
   75900     3.666 
   75950     2.400 
   76000     5.286 
   76050     6.431 
   76100     6.647 
   76150     8.297 
   76200     6.670 
   76250     7.626 
   76300     7.724 
   76350     9.895 
   76400     6.963 
   76450     4.864 
   76500     5.522 
   76550     2.238 
   76600    -0.376 
   76650     1.915 
   76700     1.104 
   76750     3.558 
   76800     7.424 
   76850     5.990 
   76900     9.303 
   76950    12.724 
   77000     8.178 
   77050    10.118 
   77100     3.788 
   77150     4.954 
   77200     4.645 
   77250     4.292 
   77300     3.954 
   77350     0.901 
   77400     3.096 
   77450    -0.953 
   77500     4.107 
   77550     4.793 
   77600     4.109 
   77650     4.179 
   77700     4.706 
   77750     3.838 
   77800     2.440 
   77850     3.435 
   77900     4.915 
   77950     1.139 
   78000     2.395 
   78050     3.297 
   78100     1.149 
   78150     3.610 
   78200     2.798 
   78250     4.511 
   78300     7.617 
   78350     7.301 
   78400     5.769 
   78450     5.888 
   78500     8.498 
   78550     6.844 
   78600     7.636 
   78650     7.984 
   78700     8.295 
   78750     9.342 
   78800     6.679 
   78850     6.768 
   78900     7.379 
   78950     4.206 
   79000     5.034 
   79050     5.719 
   79100     4.138 
   79150     8.104 
   79200     5.987 
   79250     4.632 
   79300     7.324 
   79350     7.041 
   79400     3.329 
   79450     6.634 
   79500     8.702 
   79550     5.188 
   79600     6.892 
   79650     3.791 
   79700     5.537 
   79750     5.843 
   79800     4.359 
   79850     6.622 
   79900     6.789 
   79950     7.794 
   80000     5.786 
   80050     4.826 
   80100     5.115 
   80150     2.831 
   80200     4.506 
   80250     3.775 
   80300     6.905 
   80350     3.906 
   80400     5.755 
   80450     9.034 
   80500     5.751 
   80550     5.941 
   80600     4.448 
   80650     2.766 
   80700     0.468 
   80750     6.523 
   80800     6.992 
   80850     8.699 
   80900     7.009 
   80950     9.301 
   81000    10.221 
   81050    12.160 
   81100    10.061 
   81150     3.626 
   81200     0.883 
   81250     0.375 
   81300     0.654 
   81350     3.805 
   81400     3.232 
   81450     3.367 
   81500     5.222 
   81550     8.109 
   81600     8.689 
   81650     8.557 
   81700     7.847 
   81750     9.058 
   81800     7.782 
   81850     9.821 
   81900     6.502 
   81950     7.730 
   82000     8.459 
   82050     8.023 
   82100     8.976 
   82150     9.409 
   82200    10.531 
   82250     7.400 
   82300     7.406 
   82350     7.017 
   82400     7.679 
   82450     5.344 
   82500     4.563 
   82550     6.540 
   82600     7.646 
   82650     2.968 
   82700     2.841 
   82750     4.557 
   82800     4.133 
   82850     3.535 
   82900     2.618 
   82950     2.529 
   83000     2.724 
   83050     6.101 
   83100     5.535 
   83150     4.013 
   83200     5.123 
   83250     6.491 
   83300     8.506 
   83350     5.235 
   83400     5.962 
   83450     6.474 
   83500     7.332 
   83550     7.420 
   83600     9.154 
   83650     6.196 
   83700    11.057 
   83750    10.709 
   83800     8.362 
   83850     7.490 
   83900     5.835 
   83950     5.687 
   84000     2.374 
   84050     3.592 
   84100     2.757 
   84150     4.679 
   84200     3.817 
   84250     1.286 
   84300     0.644 
   84350     3.639 
   84400     3.957 
   84450     2.504 
   84500     5.756 
   84550     4.886 
   84600     4.172 
   84650     1.902 
   84700     7.429 
   84750     5.426 
   84800     3.392 
   84850     3.555 
   84900     3.651 
   84950     5.055 
   85000     1.964 
   85050     4.445 
   85100     5.959 
   85150     5.378 
   85200     5.540 
   85250     7.373 
   85300     5.933 
   85350     6.836 
   85400     6.127 
   85450     5.713 
   85500     8.701 
   85550     7.459 
   85600     7.510 
   85650     6.817 
   85700     8.471 
   85750     8.092 
   85800     8.412 
   85850     8.262 
   85900     6.583 
   85950    10.441 
   86000     9.712 
   86050     8.819 
   86100     5.613 
   86150     9.663 
   86200     8.448 
   86250     6.295 
   86300     8.359 
   86350     8.831 
   86400     8.370 
   86450     4.237 
   86500     7.298 
   86550     6.894 
   86600     7.429 
   86650     7.158 
   86700     1.348 
   86750     6.652 
   86800     7.516 
   86850     5.338 
   86900     2.782 
   86950     6.561 
   87000     6.439 
   87050     6.020 
   87100     5.981 
   87150     4.927 
   87200     4.623 
   87250     6.298 
   87300     5.015 
   87350     4.515 
   87400    -0.658 
   87450     0.734 
   87500     1.568 
   87550     1.324 
   87600     6.829 
   87650     6.849 
   87700     6.117 
   87750     7.096 
   87800     4.685 
   87850     4.091 
   87900     4.134 
   87950     4.193 
   88000     3.903 
   88050     2.641 
   88100     0.396 
   88150     3.963 
   88200     4.049 
   88250     2.962 
   88300     3.755 
   88350     6.337 
   88400     4.718 
   88450     3.918 
   88500     4.377 
   88550     5.775 
   88600     4.866 
   88650     4.471 
   88700     4.238 
   88750     4.596 
   88800     3.079 
   88850     5.171 
   88900     1.399 
   88950     3.716 
   89000     3.108 
   89050     3.218 
   89100     4.582 
   89150     4.593 
   89200     4.434 
   89250     4.854 
   89300     4.709 
   89350     4.599 
   89400     4.731 
   89450     5.763 
   89500     4.795 
   89550     6.067 
   89600     7.378 
   89650     5.400 
   89700     8.549 
   89750     6.518 
   89800     8.255 
   89850     3.103 
   89900     6.345 
   89950     2.765 
   90000     3.025 
   90050     3.640 
   90100     5.690 
   90150     4.090 
   90200     5.900 
   90250     6.701 
   90300     7.830 
   90350     6.807 
   90400     7.361 
   90450     8.444 
   90500     9.236 
   90550     8.584 
   90600     7.718 
   90650     7.046 
   90700     7.979 
   90750     6.163 
   90800     6.813 
   90850     3.946 
   90900     3.938 
   90950     5.226 
   91000     1.388 
   91050     1.375 
   91100     5.096 
   91150     3.857 
   91200     3.862 
   91250     5.293 
   91300     4.877 
   91350     3.058 
   91400     2.883 
   91450     3.955 
   91500     2.157 
   91550     4.554 
   91600     6.230 
   91650     3.000 
   91700     4.603 
   91750     4.245 
   91800     4.316 
   91850     2.880 
   91900     3.300 
   91950     5.458 
   92000     3.245 
   92050     4.331 
   92100     1.877 
   92150     7.338 
   92200     6.002 
   92250     9.471 
   92300     8.156 
   92350     9.825 
   92400     5.090 
   92450     3.903 
   92500     6.934 
   92550     3.225 
   92600     4.008 
   92650     4.052 
   92700     5.752 
   92750     2.590 
   92800     4.715 
   92850     5.443 
   92900     3.823 
   92950     9.082 
   93000     7.103 
   93050     5.779 
   93100     8.569 
   93150     9.737 
   93200     5.755 
   93250     7.043 
   93300     8.677 
   93350     5.179 
   93400     2.565 
   93450     6.973 
   93500     5.075 
   93550     3.816 
   93600     3.847 
   93650     4.887 
   93700     2.571 
   93750     2.050 
   93800     4.512 
   93850     4.560 
   93900     6.127 
   93950     3.077 
   94000     3.282 
   94050     6.236 
   94100     4.756 
   94150     6.021 
   94200     6.576 
   94250     6.106 
   94300     4.543 
   94350     4.257 
   94400     6.641 
   94450     7.781 
   94500     3.300 
   94550     3.630 
   94600     5.865 
   94650     4.013 
   94700     1.083 
   94750     3.024 
   94800     4.467 
   94850     2.546 
   94900     1.409 
   94950     2.265 
   95000     6.501 
   95050     1.615 
   95100     3.219 
   95150     3.757 
   95200     1.686 
   95250     0.860 
   95300     2.723 
   95350     1.099 
   95400     2.640 
   95450     2.394 
   95500     3.320 
   95550     3.370 
   95600     2.195 
   95650     2.154 
   95700     5.128 
   95750     4.508 
   95800     3.069 
   95850     4.283 
   95900     2.542 
   95950     3.130 
   96000     5.896 
   96050     4.238 
   96100     4.703 
   96150     5.652 
   96200     8.957 
   96250     4.422 
   96300     5.514 
   96350     6.093 
   96400     6.314 
   96450     3.457 
   96500     4.174 
   96550     4.293 
   96600     5.148 
   96650     3.243 
   96700     3.144 
   96750     4.064 
   96800     6.716 
   96850     3.398 
   96900     4.106 
   96950     8.400 
   97000     5.787 
   97050     6.553 
   97100     9.207 
   97150     8.567 
   97200     8.557 
   97250    11.730 
   97300     9.392 
   97350     8.395 
   97400    10.577 
   97450     8.946 
   97500    10.012 
   97550     8.589 
   97600     8.464 
   97650     5.649 
   97700     4.494 
   97750     3.729 
   97800     4.524 
   97850     5.940 
   97900     3.066 
   97950     4.473 
   98000     1.982 
   98050     3.977 
   98100     5.206 
   98150     4.553 
   98200     2.401 
   98250     4.543 
   98300     4.134 
   98350     3.878 
   98400     5.587 
   98450     6.464 
   98500     4.813 
   98550     5.819 
   98600     3.764 
   98650     3.927 
   98700     1.084 
   98750     3.896 
   98800     4.454 
   98850     8.663 
   98900     5.912 
   98950     4.733 
   99000     9.627 
   99050     8.332 
   99100     9.080 
   99150     6.852 
   99200     7.875 
   99250     5.078 
   99300     5.790 
   99350     5.140 
   99400     4.304 
   99450     4.162 
   99500     3.582 
   99550     2.497 
   99600     3.711 
   99650     3.818 
   99700     2.345 
   99750     3.581 
   99800     5.367 
   99850     4.418 
   99900     3.408 
   99950     4.621 
