       0    93.077 
      50    89.882 
     100    91.364 
     150    91.826 
     200    91.397 
     250    89.439 
     300    90.934 
     350    93.568 
     400    90.531 
     450    90.278 
     500    90.231 
     550    90.576 
     600    91.230 
     650    91.914 
     700    91.559 
     750    89.327 
     800    91.748 
     850    93.187 
     900    91.984 
     950    90.430 
    1000    90.375 
    1050    87.539 
    1100    92.915 
    1150    90.571 
    1200    89.233 
    1250    89.414 
    1300    90.378 
    1350    89.866 
    1400    94.801 
    1450    89.982 
    1500    90.321 
    1550    94.696 
    1600    91.383 
    1650    89.592 
    1700    96.085 
    1750    88.826 
    1800    91.767 
    1850    95.233 
    1900    93.409 
    1950    88.812 
    2000    95.573 
    2050    94.286 
    2100    91.824 
    2150    91.101 
    2200    93.953 
    2250    91.583 
    2300    93.360 
    2350    92.790 
    2400    94.414 
    2450    91.915 
    2500    95.509 
    2550    90.164 
    2600    93.416 
    2650    90.396 
    2700    89.642 
    2750    89.382 
    2800    91.547 
    2850    92.864 
    2900    94.320 
    2950    92.098 
    3000    93.383 
    3050    91.030 
    3100    89.230 
    3150    91.466 
    3200    90.047 
    3250    92.168 
    3300    94.634 
    3350    95.918 
    3400    90.868 
    3450    92.755 
    3500    94.540 
    3550    86.141 
    3600    91.286 
    3650    89.995 
    3700    91.304 
    3750    92.772 
    3800    91.428 
    3850    94.326 
    3900    94.412 
    3950    88.005 
    4000    90.291 
    4050    88.087 
    4100    92.131 
    4150    92.617 
    4200    93.175 
    4250    95.690 
    4300    92.965 
    4350    95.319 
    4400    91.972 
    4450    91.595 
    4500    92.948 
    4550    91.638 
    4600    89.291 
    4650    90.518 
    4700    96.114 
    4750    92.867 
    4800    91.146 
    4850    94.161 
    4900    86.672 
    4950    91.996 
    5000    92.699 
    5050    91.641 
    5100    87.513 
    5150    90.449 
    5200    92.706 
    5250    91.868 
    5300    90.666 
    5350    91.855 
    5400    93.008 
    5450    89.621 
    5500    91.206 
    5550    94.536 
    5600    91.095 
    5650    91.224 
    5700    95.161 
    5750    89.714 
    5800    92.169 
    5850    92.148 
    5900    90.011 
    5950    87.455 
    6000    89.659 
    6050    92.369 
    6100    92.227 
    6150    92.094 
    6200    95.054 
    6250    92.638 
    6300    92.009 
    6350    94.156 
    6400    90.804 
    6450    92.765 
    6500    93.344 
    6550    89.850 
    6600    92.803 
    6650    92.005 
    6700    89.419 
    6750    94.301 
    6800    95.263 
    6850    91.134 
    6900    94.600 
    6950    93.868 
    7000    88.738 
    7050    92.552 
    7100    92.646 
    7150    92.095 
    7200    94.583 
    7250    91.098 
    7300    93.211 
    7350    93.573 
    7400    91.109 
    7450    92.167 
    7500    92.233 
    7550    92.892 
    7600    90.531 
    7650    94.067 
    7700    92.015 
    7750    94.383 
    7800    89.067 
    7850    91.570 
    7900    93.380 
    7950    91.830 
    8000    94.514 
    8050    95.853 
    8100    92.781 
    8150    94.468 
    8200    90.860 
    8250    90.319 
    8300    92.567 
    8350    89.392 
    8400    94.216 
    8450    94.612 
    8500    92.630 
    8550    94.931 
    8600    92.418 
    8650    88.931 
    8700    92.043 
    8750    93.819 
    8800    90.349 
    8850    90.947 
    8900    97.473 
    8950    90.698 
    9000    90.716 
    9050    95.960 
    9100    91.948 
    9150    89.482 
    9200    90.704 
    9250    93.112 
    9300    91.494 
    9350    88.413 
    9400    95.084 
    9450    95.163 
    9500    89.668 
    9550    92.254 
    9600    92.752 
    9650    92.067 
    9700    90.581 
    9750    91.538 
    9800    96.881 
    9850    91.668 
    9900    90.136 
    9950    95.535 
   10000    93.850 
   10050    89.305 
   10100    92.751 
   10150    96.370 
   10200    91.892 
   10250    93.239 
   10300    91.388 
   10350    93.289 
   10400    90.184 
   10450    90.390 
   10500    95.099 
   10550    96.092 
   10600    92.478 
   10650    94.277 
   10700    90.618 
   10750    89.484 
   10800    92.748 
   10850    93.152 
   10900    91.775 
   10950    93.185 
   11000    95.755 
   11050    93.902 
   11100    93.394 
   11150    90.047 
   11200    93.400 
   11250    91.064 
   11300    91.125 
   11350    91.653 
   11400    96.118 
   11450    90.126 
   11500    90.880 
   11550    94.887 
   11600    94.187 
   11650    90.577 
   11700    90.649 
   11750    93.312 
   11800    91.757 
   11850    91.527 
   11900    94.194 
   11950    93.367 
   12000    89.894 
   12050    90.991 
   12100    93.845 
   12150    93.372 
   12200    91.856 
   12250    92.360 
   12300    94.352 
   12350    91.912 
   12400    91.849 
   12450    93.640 
   12500    97.276 
   12550    88.461 
   12600    87.662 
   12650    92.793 
   12700    96.187 
   12750    92.821 
   12800    92.922 
   12850    94.401 
   12900    92.218 
   12950    93.460 
   13000    94.327 
   13050    93.034 
   13100    93.872 
   13150    90.083 
   13200    92.691 
   13250    91.842 
   13300    93.533 
   13350    95.744 
   13400    91.987 
   13450    90.957 
   13500    97.016 
   13550    92.132 
   13600    90.564 
   13650    90.406 
   13700    87.012 
   13750    91.324 
   13800    92.452 
   13850    91.593 
   13900    94.323 
   13950    91.872 
   14000    94.047 
   14050    96.595 
   14100    91.145 
   14150    85.077 
   14200    88.691 
   14250    90.112 
   14300    93.926 
   14350    93.446 
   14400    90.911 
   14450    94.907 
   14500    95.923 
   14550    92.790 
   14600    90.915 
   14650    85.086 
   14700    91.362 
   14750    96.662 
   14800    97.131 
   14850    92.813 
   14900    96.146 
   14950    93.770 
   15000    89.823 
   15050    95.066 
   15100    92.331 
   15150    91.320 
   15200    93.507 
   15250    93.933 
   15300    94.290 
   15350    96.290 
   15400    94.018 
   15450    91.080 
   15500    91.309 
   15550    87.696 
   15600    91.386 
   15650    91.996 
   15700    89.528 
   15750    92.508 
   15800    96.087 
   15850    95.110 
   15900    92.081 
   15950    88.099 
   16000    88.495 
   16050    89.842 
   16100    92.405 
   16150    92.056 
   16200    94.499 
   16250    91.596 
   16300    96.290 
   16350    93.252 
   16400    92.005 
   16450    89.208 
   16500    93.750 
   16550    91.759 
   16600    92.469 
   16650    91.458 
   16700    90.773 
   16750    89.932 
   16800    94.934 
   16850    96.509 
   16900    92.812 
   16950    93.346 
   17000    93.164 
   17050    90.458 
   17100    90.496 
   17150    90.567 
   17200    91.566 
   17250    92.112 
   17300    94.007 
   17350    93.934 
   17400    94.264 
   17450    86.706 
   17500    89.703 
   17550    89.361 
   17600    92.468 
   17650    89.504 
   17700    91.379 
   17750    93.008 
   17800    91.765 
   17850    94.034 
   17900    91.154 
   17950    91.361 
   18000    95.603 
   18050    89.877 
   18100    90.547 
   18150    90.832 
   18200    90.325 
   18250    93.607 
   18300    92.681 
   18350    93.575 
   18400    95.554 
   18450    93.305 
   18500    93.242 
   18550    93.785 
   18600    91.644 
   18650    90.827 
   18700    91.937 
   18750    92.588 
   18800    91.065 
   18850    92.172 
   18900    98.571 
   18950    91.399 
   19000    90.874 
   19050    91.992 
   19100    90.419 
   19150    89.571 
   19200    93.689 
   19250    89.794 
   19300    93.514 
   19350    93.057 
   19400    93.531 
   19450    92.088 
   19500    88.288 
   19550    88.062 
   19600    93.548 
   19650    93.054 
   19700    91.276 
   19750    89.269 
   19800    94.327 
   19850    89.943 
   19900    93.079 
   19950    99.149 
   20000    90.230 
   20050    91.854 
   20100    92.298 
   20150    88.515 
   20200    87.316 
   20250    92.372 
   20300    95.912 
   20350    92.121 
   20400    91.269 
   20450    93.241 
   20500    92.587 
   20550    88.484 
   20600    91.628 
   20650    90.711 
   20700    91.086 
   20750    90.027 
   20800    93.280 
   20850    94.534 
   20900    91.305 
   20950    94.365 
   21000    94.212 
   21050    86.956 
   21100    92.730 
   21150    94.235 
   21200    91.310 
   21250    89.492 
   21300    91.288 
   21350    98.511 
   21400    92.827 
   21450    90.137 
   21500    91.305 
   21550    91.919 
   21600    93.129 
   21650    91.168 
   21700    91.502 
   21750    93.163 
   21800    94.227 
   21850    90.526 
   21900    94.522 
   21950    88.751 
   22000    87.933 
   22050    95.647 
   22100    88.961 
   22150    89.820 
   22200    94.398 
   22250    92.901 
   22300    90.071 
   22350    88.495 
   22400    88.882 
   22450    92.069 
   22500    90.354 
   22550    92.332 
   22600    91.757 
   22650    94.316 
   22700    92.875 
   22750    92.759 
   22800    93.895 
   22850    93.662 
   22900    93.901 
   22950    93.312 
   23000    90.546 
   23050    88.662 
   23100    90.675 
   23150    91.180 
   23200    93.770 
   23250    98.118 
   23300    97.563 
   23350    92.069 
   23400    90.014 
   23450    92.708 
   23500    94.130 
   23550    91.944 
   23600    89.644 
   23650    94.629 
   23700    93.349 
   23750    92.906 
   23800    95.973 
   23850    88.427 
   23900    90.845 
   23950    89.326 
   24000    91.113 
   24050    96.435 
   24100    96.987 
   24150    90.933 
   24200    91.493 
   24250    94.617 
   24300    91.358 
   24350    90.142 
   24400    92.720 
   24450    86.986 
   24500    89.688 
   24550    94.916 
   24600    93.670 
   24650    92.203 
   24700    90.307 
   24750    93.316 
   24800    88.529 
   24850    91.257 
   24900    94.852 
   24950    91.000 
   25000    90.123 
   25050    92.270 
   25100    94.465 
   25150    90.891 
   25200    92.491 
   25250    94.662 
   25300    95.564 
   25350    93.400 
   25400    90.050 
   25450    89.968 
   25500    96.208 
   25550    96.968 
   25600    91.300 
   25650    95.490 
   25700    89.578 
   25750    89.809 
   25800    97.629 
   25850    97.051 
   25900    91.586 
   25950    92.103 
   26000    94.386 
   26050    92.723 
   26100    89.945 
   26150    94.496 
   26200    92.469 
   26250    90.549 
   26300    94.601 
   26350    92.098 
   26400    91.067 
   26450    92.719 
   26500    93.863 
   26550    91.006 
   26600    90.295 
   26650    86.167 
   26700    89.663 
   26750    94.805 
   26800    93.455 
   26850    95.374 
   26900    96.376 
   26950    93.036 
   27000    91.258 
   27050    91.577 
   27100    89.112 
   27150    91.476 
   27200    95.884 
   27250    96.687 
   27300    91.502 
   27350    92.697 
   27400    90.863 
   27450    89.864 
   27500    87.915 
   27550    91.834 
   27600    94.231 
   27650    90.613 
   27700    89.722 
   27750    90.924 
   27800    92.982 
   27850    93.066 
   27900    93.734 
   27950    86.621 
   28000    91.532 
   28050    89.117 
   28100    90.167 
   28150    92.561 
   28200    93.045 
   28250    90.467 
   28300    94.633 
   28350    91.500 
   28400    91.179 
   28450    91.861 
   28500    89.465 
   28550    92.578 
   28600    92.868 
   28650    93.471 
   28700    90.170 
   28750    92.376 
   28800    94.736 
   28850    89.812 
   28900    87.767 
   28950    90.174 
   29000    94.497 
   29050    94.961 
   29100    92.259 
   29150    90.273 
   29200    92.929 
   29250    93.954 
   29300    92.418 
   29350    92.542 
   29400    88.980 
   29450    89.611 
   29500    92.237 
   29550    94.317 
   29600    92.558 
   29650    92.617 
   29700    88.628 
   29750    91.445 
   29800    95.197 
   29850    92.789 
   29900    88.292 
   29950    91.759 
   30000    94.701 
   30050    87.391 
   30100    96.083 
   30150    93.689 
   30200    90.439 
   30250    92.974 
   30300    91.564 
   30350    88.014 
   30400    92.050 
   30450    92.543 
   30500    90.684 
   30550    94.909 
   30600    93.392 
   30650    89.968 
   30700    90.776 
   30750    92.138 
   30800    86.375 
   30850    92.512 
   30900    90.239 
   30950    90.298 
   31000    94.209 
   31050    92.745 
   31100    94.125 
   31150    90.020 
   31200    91.354 
   31250    88.011 
   31300    91.336 
   31350    95.239 
   31400    90.642 
   31450    90.990 
   31500    96.664 
   31550    88.950 
   31600    92.108 
   31650    92.272 
   31700    95.494 
   31750    92.775 
   31800    93.938 
   31850    93.675 
   31900    89.931 
   31950    94.582 
   32000    95.201 
   32050    90.439 
   32100    89.328 
   32150    94.916 
   32200    93.650 
   32250    91.847 
   32300    92.731 
   32350    92.887 
   32400    90.786 
   32450    88.074 
   32500    96.414 
   32550    91.192 
   32600    91.750 
   32650    93.450 
   32700    97.951 
   32750    89.995 
   32800    87.053 
   32850    91.161 
   32900    94.416 
   32950    88.906 
   33000    92.393 
   33050    90.804 
   33100    91.480 
   33150    93.509 
   33200    97.228 
   33250    90.563 
   33300    91.493 
   33350    92.374 
   33400    93.140 
   33450    90.004 
   33500    93.025 
   33550    90.491 
   33600    90.026 
   33650    90.378 
   33700    92.747 
   33750    94.132 
   33800    92.803 
   33850    93.077 
   33900    90.266 
   33950    90.249 
   34000    89.870 
   34050    91.209 
   34100    93.557 
   34150    89.271 
   34200    90.379 
   34250    93.743 
   34300    89.703 
   34350    93.631 
   34400    96.131 
   34450    88.509 
   34500    89.766 
   34550    88.743 
   34600    88.728 
   34650    89.201 
   34700    92.790 
   34750    93.710 
   34800    92.409 
   34850    91.550 
   34900    93.745 
   34950    91.066 
   35000    91.504 
   35050    92.204 
   35100    88.035 
   35150    94.264 
   35200    91.775 
   35250    94.093 
   35300    91.284 
   35350    97.320 
   35400    91.832 
   35450    91.183 
   35500    89.993 
   35550    92.596 
   35600    92.113 
   35650    91.966 
   35700    91.927 
   35750    94.683 
   35800    93.979 
   35850    91.688 
   35900    92.102 
   35950    97.387 
   36000    93.114 
   36050    89.277 
   36100    94.447 
   36150    90.572 
   36200    93.940 
   36250    90.297 
   36300    90.725 
   36350    95.084 
   36400    90.703 
   36450    92.377 
   36500    96.088 
   36550    90.523 
   36600    92.512 
   36650    96.200 
   36700    89.443 
   36750    91.608 
   36800    93.548 
   36850    89.239 
   36900    96.426 
   36950    91.748 
   37000    91.979 
   37050    91.097 
   37100    89.094 
   37150    88.620 
   37200    89.056 
   37250    90.205 
   37300    94.414 
   37350    92.063 
   37400    92.986 
   37450    94.247 
   37500    92.010 
   37550    90.943 
   37600    93.175 
   37650    91.810 
   37700    92.503 
   37750    90.375 
   37800    90.257 
   37850    93.812 
   37900    89.332 
   37950    91.711 
   38000    94.566 
   38050    91.143 
   38100    91.864 
   38150    94.556 
   38200    86.240 
   38250    91.195 
   38300    88.979 
   38350    86.158 
   38400    92.486 
   38450    91.479 
   38500    89.276 
   38550    89.408 
   38600    89.421 
   38650    93.336 
   38700    92.190 
   38750    91.240 
   38800    92.558 
   38850    91.869 
   38900    92.733 
   38950    90.383 
   39000    87.860 
   39050    92.378 
   39100    92.004 
   39150    91.846 
   39200    91.829 
   39250    90.949 
   39300    92.020 
   39350    90.436 
   39400    93.879 
   39450    91.688 
   39500    88.292 
   39550    86.440 
   39600    90.005 
   39650    93.025 
   39700    88.167 
   39750    91.146 
   39800    91.108 
   39850    90.429 
   39900    95.743 
   39950    88.702 
   40000    91.154 
   40050    92.239 
   40100    87.885 
   40150    93.629 
   40200    89.956 
   40250    91.644 
   40300    96.313 
   40350    91.288 
   40400    91.552 
   40450    94.242 
   40500    89.575 
   40550    85.857 
   40600    91.755 
   40650    90.628 
   40700    93.347 
   40750    96.906 
   40800    91.495 
   40850    95.083 
   40900    90.271 
   40950    88.794 
   41000    90.661 
   41050    89.894 
   41100    88.273 
   41150    93.054 
   41200    92.205 
   41250    93.977 
   41300    93.270 
   41350    94.245 
   41400    92.092 
   41450    90.579 
   41500    88.676 
   41550    91.277 
   41600    88.463 
   41650    87.927 
   41700    94.425 
   41750    93.640 
   41800    90.273 
   41850    90.286 
   41900    89.841 
   41950    93.262 
   42000    89.201 
   42050    91.916 
   42100    92.544 
   42150    89.116 
   42200    91.780 
   42250    91.984 
   42300    90.684 
   42350    92.385 
   42400    92.993 
   42450    93.847 
   42500    93.048 
   42550    93.090 
   42600    93.086 
   42650    91.252 
   42700    93.323 
   42750    92.056 
   42800    93.623 
   42850    92.145 
   42900    89.469 
   42950    92.401 
   43000    92.049 
   43050    94.501 
   43100    88.778 
   43150    90.318 
   43200    96.563 
   43250    89.736 
   43300    91.428 
   43350    94.271 
   43400    91.970 
   43450    96.651 
   43500    91.038 
   43550    90.718 
   43600    92.589 
   43650    86.649 
   43700    94.084 
   43750    92.711 
   43800    92.508 
   43850    90.541 
   43900    93.223 
   43950    95.012 
   44000    94.576 
   44050    93.422 
   44100    94.668 
   44150    93.301 
   44200    90.248 
   44250    89.756 
   44300    90.848 
   44350    90.954 
   44400    92.700 
   44450    89.713 
   44500    96.732 
   44550    91.036 
   44600    90.265 
   44650    90.402 
   44700    91.285 
   44750    91.666 
   44800    88.137 
   44850    89.419 
   44900    90.363 
   44950    89.155 
   45000    92.914 
   45050    92.242 
   45100    92.516 
   45150    87.061 
   45200    88.992 
   45250    91.832 
   45300    90.944 
   45350    88.415 
   45400    92.864 
   45450    91.634 
   45500    93.358 
   45550    91.820 
   45600    93.073 
   45650    95.035 
   45700    90.091 
   45750    91.201 
   45800    90.841 
   45850    91.893 
   45900    93.530 
   45950    93.220 
   46000    87.510 
   46050    95.400 
   46100    92.799 
   46150    89.769 
   46200    90.903 
   46250    95.082 
   46300    94.592 
   46350    94.123 
   46400    93.219 
   46450    91.145 
   46500    94.324 
   46550    92.134 
   46600    91.350 
   46650    90.766 
   46700    92.490 
   46750    88.066 
   46800    90.926 
   46850    92.694 
   46900    93.439 
   46950    90.978 
   47000    93.913 
   47050    92.056 
   47100    89.137 
   47150    94.003 
   47200    93.148 
   47250    92.030 
   47300    95.700 
   47350    91.981 
   47400    91.941 
   47450    89.734 
   47500    87.480 
   47550    96.256 
   47600    95.524 
   47650    91.352 
   47700    94.145 
   47750    89.588 
   47800    92.283 
   47850    93.417 
   47900    88.870 
   47950    90.493 
   48000    92.851 
   48050    88.302 
   48100    94.944 
   48150    92.161 
   48200    94.510 
   48250    92.545 
   48300    95.457 
   48350    90.594 
   48400    90.766 
   48450    88.781 
   48500    91.982 
   48550    91.028 
   48600    89.829 
   48650    95.925 
   48700    95.484 
   48750    92.941 
   48800    94.173 
   48850    94.287 
   48900    91.439 
   48950    92.669 
   49000    92.731 
   49050    86.720 
   49100    94.551 
   49150    94.174 
   49200    91.705 
   49250    91.556 
   49300    88.820 
   49350    88.586 
   49400    93.244 
   49450    89.877 
   49500    94.733 
   49550    89.985 
   49600    88.736 
   49650    90.199 
   49700    90.760 
   49750    92.921 
   49800    94.354 
   49850    89.525 
   49900    88.322 
   49950    91.662 
   50000    88.338 
   50050    92.770 
   50100    93.611 
   50150    92.835 
   50200    86.956 
   50250    87.392 
   50300    88.138 
   50350    90.678 
   50400    96.028 
   50450    92.916 
   50500    94.959 
   50550    92.010 
   50600    92.171 
   50650    90.116 
   50700    90.854 
   50750    91.253 
   50800    92.799 
   50850    92.170 
   50900    94.866 
   50950    92.433 
   51000    95.220 
   51050    93.805 
   51100    90.498 
   51150    91.629 
   51200    90.890 
   51250    87.567 
   51300    89.224 
   51350    88.924 
   51400    91.857 
   51450    90.194 
   51500    91.921 
   51550    95.579 
   51600    91.245 
   51650    90.358 
   51700    90.764 
   51750    89.368 
   51800    86.147 
   51850    93.455 
   51900    91.775 
   51950    92.238 
   52000    94.926 
   52050    92.114 
   52100    89.775 
   52150    94.469 
   52200    94.745 
   52250    93.354 
   52300    88.770 
   52350    91.912 
   52400    90.421 
   52450    93.194 
   52500    89.185 
   52550    93.540 
   52600    93.888 
   52650    91.002 
   52700    93.660 
   52750    94.296 
   52800    87.976 
   52850    88.711 
   52900    89.615 
   52950    90.277 
   53000    90.309 
   53050    88.849 
   53100    94.484 
   53150    96.651 
   53200    92.222 
   53250    86.602 
   53300    96.790 
   53350    88.399 
   53400    90.992 
   53450    92.820 
   53500    88.873 
   53550    94.615 
   53600    90.190 
   53650    94.666 
   53700    91.222 
   53750    87.762 
   53800    89.723 
   53850    92.875 
   53900    86.325 
   53950    91.372 
   54000    90.141 
   54050    91.483 
   54100    92.244 
   54150    94.563 
   54200    88.790 
   54250    90.037 
   54300    88.473 
   54350    93.478 
   54400    92.341 
   54450    95.475 
   54500    92.205 
   54550    90.802 
   54600    93.941 
   54650    92.297 
   54700    93.883 
   54750    95.378 
   54800    91.147 
   54850    95.427 
   54900    92.891 
   54950    90.995 
   55000    90.381 
   55050    93.231 
   55100    93.810 
   55150    91.678 
   55200    89.865 
   55250    92.442 
   55300    92.718 
   55350    95.592 
   55400    92.314 
   55450    92.922 
   55500    93.205 
   55550    93.419 
   55600    91.517 
   55650    90.249 
   55700    94.919 
   55750    90.751 
   55800    89.776 
   55850    93.577 
   55900    93.324 
   55950    91.398 
   56000    94.169 
   56050    90.467 
   56100    91.245 
   56150    92.523 
   56200    89.516 
   56250    87.578 
   56300    92.107 
   56350    91.960 
   56400    92.912 
   56450    93.068 
   56500    90.450 
   56550    87.156 
   56600    89.366 
   56650    90.811 
   56700    90.552 
   56750    91.525 
   56800    91.138 
   56850    88.307 
   56900    90.440 
   56950    86.506 
   57000    91.120 
   57050    95.734 
   57100    91.580 
   57150    93.834 
   57200    93.203 
   57250    89.210 
   57300    89.031 
   57350    96.965 
   57400    88.184 
   57450    91.529 
   57500    96.702 
   57550    92.017 
   57600    94.874 
   57650    91.363 
   57700    91.862 
   57750    91.448 
   57800    92.478 
   57850    93.280 
   57900    95.576 
   57950    94.993 
   58000    89.140 
   58050    91.108 
   58100    98.133 
   58150    92.777 
   58200    89.327 
   58250    92.046 
   58300    86.979 
   58350    86.905 
   58400    92.727 
   58450    94.892 
   58500    92.553 
   58550    92.099 
   58600    89.662 
   58650    88.809 
   58700    87.626 
   58750    88.405 
   58800    91.785 
   58850    92.561 
   58900    94.201 
   58950    95.702 
   59000    88.398 
   59050    91.519 
   59100    94.565 
   59150    89.786 
   59200    92.056 
   59250    92.233 
   59300    92.033 
   59350    92.143 
   59400    89.953 
   59450    91.752 
   59500    94.982 
   59550    89.508 
   59600    90.349 
   59650    93.170 
   59700    93.084 
   59750    91.773 
   59800    92.824 
   59850    94.355 
   59900    89.899 
   59950    92.510 
   60000    91.766 
   60050    92.797 
   60100    90.468 
   60150    88.603 
   60200    90.491 
   60250    90.468 
   60300    94.701 
   60350    92.782 
   60400    92.515 
   60450    91.131 
   60500    95.628 
   60550    93.641 
   60600    88.452 
   60650    92.797 
   60700    89.865 
   60750    87.873 
   60800    90.777 
   60850    91.295 
   60900    90.338 
   60950    92.628 
   61000    94.153 
   61050    93.139 
   61100    89.710 
   61150    96.508 
   61200    91.692 
   61250    92.723 
   61300    90.311 
   61350    89.184 
   61400    91.925 
   61450    90.457 
   61500    90.786 
   61550    93.837 
   61600    91.801 
   61650    89.087 
   61700    90.288 
   61750    92.729 
   61800    88.865 
   61850    89.108 
   61900    89.879 
   61950    88.101 
   62000    91.861 
   62050    88.160 
   62100    90.610 
   62150    93.958 
   62200    90.317 
   62250    89.066 
   62300    96.059 
   62350    91.872 
   62400    88.706 
   62450    87.625 
   62500    88.871 
   62550    90.714 
   62600    93.509 
   62650    94.365 
   62700    94.007 
   62750    95.197 
   62800    92.149 
   62850    86.085 
   62900    90.451 
   62950    97.592 
   63000    92.828 
   63050    91.230 
   63100    93.791 
   63150    93.309 
   63200    92.737 
   63250    89.176 
   63300    93.735 
   63350    91.334 
   63400    89.158 
   63450    91.388 
   63500    91.517 
   63550    90.447 
   63600    92.484 
   63650    95.099 
   63700    93.918 
   63750    90.988 
   63800    88.917 
   63850    94.685 
   63900    92.990 
   63950    88.931 
   64000    91.634 
   64050    94.793 
   64100    90.998 
   64150    93.159 
   64200    93.660 
   64250    96.092 
   64300    88.461 
   64350    90.734 
   64400    90.767 
   64450    91.316 
   64500    90.111 
   64550    94.384 
   64600    91.785 
   64650    89.661 
   64700    90.242 
   64750    92.440 
   64800    89.600 
   64850    93.677 
   64900    95.709 
   64950    90.200 
   65000    88.644 
   65050    92.800 
   65100    96.196 
   65150    91.622 
   65200    91.260 
   65250    94.889 
   65300    92.752 
   65350    94.471 
   65400    89.995 
   65450    93.446 
   65500    92.817 
   65550    92.088 
   65600    87.693 
   65650    94.004 
   65700    92.391 
   65750    91.776 
   65800    93.134 
   65850    93.963 
   65900    94.333 
   65950    93.876 
   66000    92.644 
   66050    89.592 
   66100    88.708 
   66150    87.342 
   66200    92.095 
   66250    90.473 
   66300    94.628 
   66350    95.130 
   66400    90.781 
   66450    92.481 
   66500    89.710 
   66550    93.161 
   66600    90.649 
   66650    87.663 
   66700    88.872 
   66750    98.435 
   66800    94.806 
   66850    92.192 
   66900    90.487 
   66950    91.253 
   67000    92.105 
   67050    93.007 
   67100    92.770 
   67150    92.735 
   67200    92.405 
   67250    92.809 
   67300    96.224 
   67350    94.994 
   67400    88.936 
   67450    86.560 
   67500    92.457 
   67550    93.058 
   67600    95.078 
   67650    94.830 
   67700    95.072 
   67750    89.208 
   67800    92.323 
   67850    88.822 
   67900    90.298 
   67950    91.670 
   68000    89.264 
   68050    92.810 
   68100    96.023 
   68150    94.713 
   68200    92.713 
   68250    92.167 
   68300    89.743 
   68350    90.045 
   68400    90.107 
   68450    94.127 
   68500    89.954 
   68550    95.216 
   68600    96.091 
   68650    95.207 
   68700    91.568 
   68750    89.332 
   68800    90.047 
   68850    91.497 
   68900    89.779 
   68950    91.535 
   69000    91.933 
   69050    94.109 
   69100    92.804 
   69150    88.995 
   69200    89.154 
   69250    88.466 
   69300    96.066 
   69350    90.918 
   69400    92.548 
   69450    96.745 
   69500    92.046 
   69550    90.114 
   69600    92.154 
   69650    92.325 
   69700    92.491 
   69750    86.749 
   69800    90.087 
   69850    90.371 
   69900    94.684 
   69950    92.403 
   70000    95.561 
   70050    91.906 
   70100    90.195 
   70150    90.869 
   70200    94.053 
   70250    89.404 
   70300    90.832 
   70350    93.178 
   70400    91.738 
   70450    92.304 
   70500    90.353 
   70550    91.871 
   70600    85.254 
   70650    91.778 
   70700    94.144 
   70750    91.122 
   70800    91.334 
   70850    91.416 
   70900    90.258 
   70950    95.698 
   71000    93.624 
   71050    90.047 
   71100    90.374 
   71150    95.317 
   71200    90.874 
   71250    90.104 
   71300    89.110 
   71350    87.707 
   71400    87.999 
   71450    92.272 
   71500    93.546 
   71550    93.960 
   71600    90.635 
   71650    93.950 
   71700    91.235 
   71750    94.088 
   71800    92.264 
   71850    92.743 
   71900    91.205 
   71950    93.695 
   72000    89.621 
   72050    92.970 
   72100    93.049 
   72150    92.301 
   72200    92.943 
   72250    93.954 
   72300    93.847 
   72350    93.515 
   72400    91.159 
   72450    89.817 
   72500    86.057 
   72550    93.513 
   72600    93.874 
   72650    90.291 
   72700    92.850 
   72750    92.447 
   72800    89.036 
   72850    89.833 
   72900    93.296 
   72950    93.797 
   73000    92.501 
   73050    93.602 
   73100    92.135 
   73150    92.223 
   73200    87.272 
   73250    89.168 
   73300    94.319 
   73350    96.637 
   73400    92.564 
   73450    93.264 
   73500    93.243 
   73550    93.445 
   73600    89.407 
   73650    97.152 
   73700    93.829 
   73750    89.268 
   73800    93.262 
   73850    94.600 
   73900    92.822 
   73950    91.614 
   74000    92.725 
   74050    93.075 
   74100    90.923 
   74150    93.766 
   74200    94.242 
   74250    97.082 
   74300    92.139 
   74350    92.856 
   74400    93.200 
   74450    91.329 
   74500    91.802 
   74550    91.542 
   74600    90.396 
   74650    89.224 
   74700    95.769 
   74750    93.962 
   74800    93.154 
   74850    90.423 
   74900    92.107 
   74950    91.395 
   75000    91.126 
   75050    93.203 
   75100    87.358 
   75150    93.553 
   75200    95.962 
   75250    94.167 
   75300    91.620 
   75350    89.409 
   75400    92.021 
   75450    92.392 
   75500    89.246 
   75550    90.300 
   75600    95.076 
   75650    94.410 
   75700    89.060 
   75750    92.135 
   75800    92.447 
   75850    91.367 
   75900    95.365 
   75950    88.826 
   76000    90.690 
   76050    90.801 
   76100    91.437 
   76150    92.209 
   76200    93.001 
   76250    93.447 
   76300    93.848 
   76350    91.100 
   76400    93.206 
   76450    94.668 
   76500    92.477 
   76550    91.014 
   76600    96.186 
   76650    91.345 
   76700    95.319 
   76750    92.835 
   76800    86.779 
   76850    94.283 
   76900    93.067 
   76950    89.263 
   77000    95.215 
   77050    87.940 
   77100    91.545 
   77150    97.046 
   77200    87.199 
   77250    92.679 
   77300    89.596 
   77350    87.272 
   77400    94.118 
   77450    92.720 
   77500    92.274 
   77550    92.219 
   77600    89.356 
   77650    91.644 
   77700    94.052 
   77750    91.860 
   77800    92.455 
   77850    95.006 
   77900    90.933 
   77950    94.061 
   78000    93.178 
   78050    88.979 
   78100    90.355 
   78150    92.667 
   78200    91.599 
   78250    95.698 
   78300    92.049 
   78350    90.408 
   78400    94.406 
   78450    91.124 
   78500    95.612 
   78550    91.572 
   78600    89.797 
   78650    93.287 
   78700    92.159 
   78750    91.127 
   78800    90.269 
   78850    90.830 
   78900    92.442 
   78950    92.409 
   79000    90.765 
   79050    91.675 
   79100    94.068 
   79150    89.874 
   79200    91.720 
   79250    93.716 
   79300    92.748 
   79350    91.389 
   79400    90.634 
   79450    94.275 
   79500    92.391 
   79550    90.402 
   79600    92.369 
   79650    92.475 
   79700    93.749 
   79750    93.009 
   79800    92.895 
   79850    93.277 
   79900    87.543 
   79950    93.410 
   80000    88.845 
   80050    86.842 
   80100    95.870 
   80150    94.674 
   80200    90.386 
   80250    91.728 
   80300    91.684 
   80350    87.604 
   80400    87.848 
   80450    93.995 
   80500    92.297 
   80550    90.712 
   80600    91.762 
   80650    93.463 
   80700    91.120 
   80750    93.605 
   80800    92.358 
   80850    91.753 
   80900    91.961 
   80950    90.730 
   81000    91.715 
   81050    93.707 
   81100    89.782 
   81150    87.565 
   81200    92.839 
   81250    90.696 
   81300    92.661 
   81350    94.771 
   81400    94.729 
   81450    90.286 
   81500    91.406 
   81550    92.011 
   81600    93.628 
   81650    97.195 
   81700    90.019 
   81750    91.776 
   81800    94.102 
   81850    91.807 
   81900    93.065 
   81950    94.063 
   82000    95.354 
   82050    88.351 
   82100    93.089 
   82150    94.671 
   82200    90.898 
   82250    93.346 
   82300    90.444 
   82350    88.972 
   82400    94.770 
   82450    96.859 
   82500    89.995 
   82550    87.596 
   82600    92.844 
   82650    95.144 
   82700    91.433 
   82750    95.390 
   82800    90.290 
   82850    96.611 
   82900    92.635 
   82950    88.800 
   83000    94.116 
   83050    90.679 
   83100    93.095 
   83150    91.201 
   83200    94.260 
   83250    90.876 
   83300    88.306 
   83350    90.385 
   83400    92.801 
   83450    95.006 
   83500    92.090 
   83550    88.438 
   83600    93.547 
   83650    94.880 
   83700    89.345 
   83750    90.112 
   83800    89.329 
   83850    93.701 
   83900    87.798 
   83950    91.223 
   84000    97.054 
   84050    94.276 
   84100    90.300 
   84150    91.313 
   84200    98.364 
   84250    91.091 
   84300    88.380 
   84350    95.684 
   84400    91.794 
   84450    91.983 
   84500    91.567 
   84550    93.233 
   84600    92.690 
   84650    89.364 
   84700    95.002 
   84750    90.775 
   84800    91.073 
   84850    93.362 
   84900    92.078 
   84950    91.735 
   85000    91.261 
   85050    89.603 
   85100    93.405 
   85150    95.602 
   85200    92.186 
   85250    92.097 
   85300    91.487 
   85350    89.563 
   85400    91.934 
   85450    90.380 
   85500    93.053 
   85550    90.622 
   85600    89.200 
   85650    92.711 
   85700    93.255 
   85750    91.463 
   85800    91.652 
   85850    89.395 
   85900    90.820 
   85950    93.065 
   86000    91.410 
   86050    91.264 
   86100    88.633 
   86150    91.620 
   86200    89.210 
   86250    91.196 
   86300    94.264 
   86350    93.289 
   86400    89.603 
   86450    90.453 
   86500    93.946 
   86550    93.560 
   86600    92.379 
   86650    93.139 
   86700    91.947 
   86750    90.711 
   86800    91.337 
   86850    92.923 
   86900    94.681 
   86950    89.291 
   87000    94.713 
   87050    92.794 
   87100    91.496 
   87150    90.867 
   87200    91.363 
   87250    90.006 
   87300    90.395 
   87350    90.667 
   87400    91.908 
   87450    93.754 
   87500    90.759 
   87550    91.722 
   87600    91.051 
   87650    89.158 
   87700    89.882 
   87750    90.883 
   87800    91.915 
   87850    91.371 
   87900    93.082 
   87950    93.542 
   88000    90.028 
   88050    93.974 
   88100    91.305 
   88150    91.043 
   88200    92.210 
   88250    93.806 
   88300    86.874 
   88350    91.490 
   88400    93.309 
   88450    89.408 
   88500    90.825 
   88550    95.773 
   88600    89.752 
   88650    92.652 
   88700    90.811 
   88750    90.667 
   88800    90.129 
   88850    92.209 
   88900    93.635 
   88950    95.468 
   89000    91.430 
   89050    93.428 
   89100    92.456 
   89150    93.279 
   89200    91.637 
   89250    93.595 
   89300    93.724 
   89350    93.497 
   89400    90.513 
   89450    94.469 
   89500    94.371 
   89550    86.950 
   89600    92.160 
   89650    90.853 
   89700    91.744 
   89750    91.211 
   89800    92.417 
   89850    93.454 
   89900    93.373 
   89950    91.994 
   90000    91.591 
   90050    89.493 
   90100    91.264 
   90150    94.222 
   90200    89.265 
   90250    90.439 
   90300    93.650 
   90350    91.040 
   90400    91.788 
   90450    92.787 
   90500    95.121 
   90550    90.163 
   90600    94.058 
   90650    93.341 
   90700    91.244 
   90750    93.013 
   90800    96.389 
   90850    92.291 
   90900    88.360 
   90950    92.391 
   91000    92.311 
   91050    91.301 
   91100    95.355 
   91150    94.897 
   91200    94.187 
   91250    92.437 
   91300    88.183 
   91350    90.038 
   91400    89.951 
   91450    92.830 
   91500    92.464 
   91550    92.948 
   91600    94.112 
   91650    91.192 
   91700    89.142 
   91750    91.472 
   91800    92.236 
   91850    89.212 
   91900    87.120 
   91950    90.370 
   92000    89.545 
   92050    93.150 
   92100    92.826 
   92150    92.000 
   92200    91.629 
   92250    88.273 
   92300    91.628 
   92350    90.675 
   92400    90.499 
   92450    92.465 
   92500    91.357 
   92550    92.788 
   92600    93.688 
   92650    96.046 
   92700    93.342 
   92750    87.437 
   92800    87.715 
   92850    90.697 
   92900    92.269 
   92950    92.378 
   93000    93.893 
   93050    94.299 
   93100    92.820 
   93150    93.454 
   93200    90.622 
   93250    91.297 
   93300    87.691 
   93350    89.980 
   93400    90.091 
   93450    91.250 
   93500    92.771 
   93550    94.867 
   93600    96.234 
   93650    95.326 
   93700    93.255 
   93750    92.918 
   93800    88.473 
   93850    88.508 
   93900    87.252 
   93950    91.355 
   94000    93.546 
   94050    96.500 
   94100    91.020 
   94150    90.695 
   94200    92.671 
   94250    95.713 
   94300    88.640 
   94350    91.352 
   94400    95.614 
   94450    90.236 
   94500    91.180 
   94550    90.629 
   94600    96.436 
   94650    93.755 
   94700    91.580 
   94750    93.406 
   94800    93.511 
   94850    93.229 
   94900    90.730 
   94950    89.120 
   95000    93.065 
   95050    92.665 
   95100    88.444 
   95150    91.743 
   95200    94.621 
   95250    93.568 
   95300    92.543 
   95350    94.471 
   95400    91.708 
   95450    90.141 
   95500    91.563 
   95550    90.071 
   95600    90.263 
   95650    92.096 
   95700    96.525 
   95750    90.965 
   95800    94.474 
   95850    94.580 
   95900    93.252 
   95950    90.856 
   96000    90.391 
   96050    91.731 
   96100    94.063 
   96150    92.737 
   96200    91.006 
   96250    96.314 
   96300    88.573 
   96350    93.529 
   96400    94.199 
   96450    94.481 
   96500    89.472 
   96550    91.230 
   96600    94.014 
   96650    92.497 
   96700    90.798 
   96750    95.910 
   96800    90.563 
   96850    90.886 
   96900    93.625 
   96950    94.756 
   97000    89.520 
   97050    92.717 
   97100    92.394 
   97150    95.340 
   97200    89.850 
   97250    96.057 
   97300    93.302 
   97350    92.168 
   97400    90.310 
   97450    93.194 
   97500    93.143 
   97550    87.699 
   97600    95.470 
   97650    92.760 
   97700    88.610 
   97750    93.443 
   97800    97.714 
   97850    92.973 
   97900    89.418 
   97950    91.719 
   98000    92.019 
   98050    88.561 
   98100    92.753 
   98150    93.706 
   98200    90.843 
   98250    88.272 
   98300    89.915 
   98350    92.242 
   98400    93.665 
   98450    87.919 
   98500    89.882 
   98550    93.863 
   98600    91.587 
   98650    91.891 
   98700    92.439 
   98750    87.606 
   98800    91.897 
   98850    92.143 
   98900    91.867 
   98950    88.310 
   99000    94.422 
   99050    89.712 
   99100    88.066 
   99150    92.977 
   99200    96.855 
   99250    90.294 
   99300    88.167 
   99350    91.782 
   99400    91.060 
   99450    90.794 
   99500    92.861 
   99550    91.898 
   99600    95.946 
   99650    91.913 
   99700    89.361 
   99750    93.553 
   99800    91.408 
   99850    89.624 
   99900    93.209 
   99950    93.291 
