       0   147.642 
      50   151.877 
     100   150.911 
     150   151.440 
     200   149.338 
     250   152.856 
     300   151.905 
     350   150.503 
     400   145.139 
     450   151.064 
     500   154.988 
     550   151.070 
     600   154.748 
     650   147.745 
     700   150.019 
     750   148.994 
     800   151.098 
     850   153.950 
     900   149.309 
     950   154.291 
    1000   148.392 
    1050   147.991 
    1100   150.276 
    1150   151.093 
    1200   153.018 
    1250   155.208 
    1300   151.950 
    1350   148.890 
    1400   150.821 
    1450   152.558 
    1500   151.425 
    1550   146.906 
    1600   149.054 
    1650   152.201 
    1700   151.103 
    1750   150.635 
    1800   151.967 
    1850   150.112 
    1900   153.895 
    1950   153.409 
    2000   148.955 
    2050   150.493 
    2100   150.190 
    2150   152.930 
    2200   151.774 
    2250   150.303 
    2300   152.837 
    2350   149.591 
    2400   152.495 
    2450   148.922 
    2500   151.652 
    2550   154.001 
    2600   150.175 
    2650   150.132 
    2700   146.159 
    2750   150.023 
    2800   153.946 
    2850   155.993 
    2900   152.336 
    2950   148.825 
    3000   150.565 
    3050   147.957 
    3100   151.880 
    3150   150.791 
    3200   149.419 
    3250   153.175 
    3300   150.028 
    3350   148.497 
    3400   150.722 
    3450   153.545 
    3500   151.582 
    3550   149.723 
    3600   151.066 
    3650   150.272 
    3700   149.666 
    3750   151.877 
    3800   153.956 
    3850   151.091 
    3900   148.642 
    3950   150.641 
    4000   151.763 
    4050   147.064 
    4100   151.917 
    4150   151.191 
    4200   149.714 
    4250   146.396 
    4300   151.669 
    4350   153.633 
    4400   152.285 
    4450   152.083 
    4500   151.437 
    4550   150.786 
    4600   148.356 
    4650   152.431 
    4700   150.534 
    4750   153.369 
    4800   150.309 
    4850   150.649 
    4900   150.975 
    4950   149.909 
    5000   152.902 
    5050   151.731 
    5100   151.760 
    5150   151.101 
    5200   149.198 
    5250   151.929 
    5300   150.925 
    5350   151.844 
    5400   149.608 
    5450   152.381 
    5500   152.696 
    5550   149.453 
    5600   149.646 
    5650   148.821 
    5700   153.841 
    5750   147.603 
    5800   150.309 
    5850   151.618 
    5900   154.005 
    5950   152.368 
    6000   150.820 
    6050   151.201 
    6100   151.617 
    6150   149.938 
    6200   148.448 
    6250   152.885 
    6300   155.104 
    6350   150.698 
    6400   147.148 
    6450   151.592 
    6500   151.879 
    6550   150.494 
    6600   150.458 
    6650   154.889 
    6700   152.745 
    6750   154.471 
    6800   150.259 
    6850   149.425 
    6900   151.969 
    6950   149.365 
    7000   154.591 
    7050   154.294 
    7100   150.609 
    7150   149.644 
    7200   151.093 
    7250   153.949 
    7300   152.621 
    7350   155.115 
    7400   150.353 
    7450   149.764 
    7500   147.253 
    7550   153.283 
    7600   155.110 
    7650   150.090 
    7700   152.542 
    7750   148.716 
    7800   150.517 
    7850   150.933 
    7900   151.425 
    7950   153.609 
    8000   149.013 
    8050   153.927 
    8100   150.921 
    8150   150.329 
    8200   153.239 
    8250   152.267 
    8300   148.858 
    8350   147.278 
    8400   150.381 
    8450   149.842 
    8500   148.416 
    8550   154.643 
    8600   147.853 
    8650   150.410 
    8700   147.954 
    8750   150.654 
    8800   151.253 
    8850   147.877 
    8900   152.273 
    8950   150.054 
    9000   152.005 
    9050   151.083 
    9100   148.995 
    9150   150.117 
    9200   151.437 
    9250   151.664 
    9300   156.820 
    9350   152.985 
    9400   145.438 
    9450   148.052 
    9500   155.393 
    9550   152.163 
    9600   151.354 
    9650   152.589 
    9700   150.367 
    9750   153.692 
    9800   149.123 
    9850   149.899 
    9900   152.073 
    9950   152.399 
   10000   148.287 
   10050   151.427 
   10100   152.895 
   10150   150.985 
   10200   153.297 
   10250   148.485 
   10300   151.727 
   10350   149.421 
   10400   148.702 
   10450   152.670 
   10500   154.203 
   10550   150.393 
   10600   149.837 
   10650   157.557 
   10700   151.601 
   10750   151.406 
   10800   150.595 
   10850   151.574 
   10900   154.834 
   10950   150.382 
   11000   150.359 
   11050   148.603 
   11100   150.664 
   11150   156.305 
   11200   152.086 
   11250   156.440 
   11300   147.900 
   11350   152.663 
   11400   151.259 
   11450   155.650 
   11500   155.414 
   11550   153.328 
   11600   152.513 
   11650   151.066 
   11700   151.071 
   11750   147.768 
   11800   149.772 
   11850   154.612 
   11900   153.958 
   11950   148.676 
   12000   146.202 
   12050   150.915 
   12100   156.741 
   12150   154.226 
   12200   150.487 
   12250   149.415 
   12300   153.985 
   12350   149.388 
   12400   155.219 
   12450   152.574 
   12500   151.171 
   12550   150.588 
   12600   150.109 
   12650   152.689 
   12700   152.259 
   12750   149.387 
   12800   149.131 
   12850   151.114 
   12900   151.079 
   12950   150.919 
   13000   150.899 
   13050   153.140 
   13100   153.673 
   13150   153.383 
   13200   149.792 
   13250   149.700 
   13300   149.904 
   13350   152.998 
   13400   157.000 
   13450   151.967 
   13500   150.962 
   13550   151.581 
   13600   149.521 
   13650   153.828 
   13700   151.171 
   13750   148.723 
   13800   147.672 
   13850   148.403 
   13900   152.409 
   13950   149.491 
   14000   154.391 
   14050   151.271 
   14100   152.334 
   14150   148.885 
   14200   149.574 
   14250   152.805 
   14300   149.226 
   14350   145.311 
   14400   149.918 
   14450   152.278 
   14500   154.479 
   14550   148.744 
   14600   150.149 
   14650   147.954 
   14700   151.506 
   14750   149.697 
   14800   150.762 
   14850   149.282 
   14900   153.664 
   14950   151.530 
   15000   150.469 
   15050   149.272 
   15100   151.713 
   15150   151.260 
   15200   150.525 
   15250   152.853 
   15300   148.955 
   15350   151.875 
   15400   149.284 
   15450   152.944 
   15500   149.789 
   15550   152.438 
   15600   155.554 
   15650   151.766 
   15700   150.653 
   15750   149.099 
   15800   148.714 
   15850   153.937 
   15900   149.552 
   15950   154.894 
   16000   150.814 
   16050   152.075 
   16100   150.160 
   16150   147.272 
   16200   154.993 
   16250   152.859 
   16300   151.696 
   16350   151.717 
   16400   153.714 
   16450   153.838 
   16500   146.134 
   16550   154.263 
   16600   151.586 
   16650   154.569 
   16700   149.690 
   16750   151.660 
   16800   154.799 
   16850   152.689 
   16900   152.940 
   16950   150.273 
   17000   151.390 
   17050   148.873 
   17100   149.483 
   17150   153.923 
   17200   149.100 
   17250   147.280 
   17300   152.231 
   17350   151.473 
   17400   149.743 
   17450   148.967 
   17500   153.115 
   17550   151.933 
   17600   151.504 
   17650   151.678 
   17700   150.749 
   17750   149.532 
   17800   150.853 
   17850   152.963 
   17900   150.985 
   17950   152.028 
   18000   153.391 
   18050   153.258 
   18100   151.850 
   18150   152.165 
   18200   151.912 
   18250   152.363 
   18300   150.939 
   18350   151.324 
   18400   150.620 
   18450   150.918 
   18500   150.778 
   18550   153.876 
   18600   153.979 
   18650   151.957 
   18700   149.507 
   18750   150.926 
   18800   153.960 
   18850   154.475 
   18900   148.793 
   18950   153.194 
   19000   156.421 
   19050   149.105 
   19100   150.895 
   19150   151.710 
   19200   150.139 
   19250   152.016 
   19300   152.635 
   19350   153.228 
   19400   154.348 
   19450   151.436 
   19500   153.860 
   19550   151.746 
   19600   152.858 
   19650   151.912 
   19700   150.776 
   19750   154.829 
   19800   147.872 
   19850   150.275 
   19900   153.158 
   19950   152.142 
   20000   150.510 
   20050   149.525 
   20100   153.807 
   20150   151.995 
   20200   152.186 
   20250   148.855 
   20300   151.044 
   20350   148.377 
   20400   151.350 
   20450   153.274 
   20500   152.099 
   20550   149.134 
   20600   148.888 
   20650   153.223 
   20700   149.572 
   20750   153.599 
   20800   151.034 
   20850   150.657 
   20900   148.670 
   20950   152.550 
   21000   150.367 
   21050   147.760 
   21100   148.885 
   21150   153.993 
   21200   148.705 
   21250   150.522 
   21300   150.333 
   21350   150.046 
   21400   148.971 
   21450   149.808 
   21500   151.322 
   21550   151.619 
   21600   151.951 
   21650   152.217 
   21700   151.643 
   21750   152.203 
   21800   152.009 
   21850   151.644 
   21900   154.365 
   21950   151.994 
   22000   149.852 
   22050   153.231 
   22100   150.402 
   22150   152.633 
   22200   150.809 
   22250   152.387 
   22300   150.598 
   22350   154.344 
   22400   149.781 
   22450   153.614 
   22500   150.857 
   22550   148.944 
   22600   151.374 
   22650   152.861 
   22700   149.438 
   22750   148.925 
   22800   153.741 
   22850   152.367 
   22900   149.857 
   22950   150.314 
   23000   149.197 
   23050   148.588 
   23100   153.836 
   23150   152.128 
   23200   148.412 
   23250   152.843 
   23300   147.311 
   23350   152.429 
   23400   152.167 
   23450   151.947 
   23500   149.516 
   23550   152.331 
   23600   152.115 
   23650   150.262 
   23700   153.777 
   23750   152.800 
   23800   147.984 
   23850   149.661 
   23900   153.294 
   23950   155.284 
   24000   146.755 
   24050   151.341 
   24100   153.420 
   24150   152.189 
   24200   150.074 
   24250   150.507 
   24300   149.380 
   24350   153.564 
   24400   149.528 
   24450   151.807 
   24500   152.941 
   24550   150.368 
   24600   150.404 
   24650   151.131 
   24700   149.967 
   24750   153.404 
   24800   148.876 
   24850   151.967 
   24900   152.832 
   24950   152.121 
   25000   151.026 
   25050   147.182 
   25100   153.232 
   25150   149.349 
   25200   152.845 
   25250   149.226 
   25300   146.431 
   25350   153.567 
   25400   150.261 
   25450   151.752 
   25500   150.347 
   25550   149.763 
   25600   152.327 
   25650   150.932 
   25700   151.427 
   25750   147.955 
   25800   151.340 
   25850   153.292 
   25900   144.028 
   25950   150.675 
   26000   154.663 
   26050   153.875 
   26100   151.216 
   26150   148.542 
   26200   151.459 
   26250   147.823 
   26300   147.534 
   26350   151.975 
   26400   153.890 
   26450   154.089 
   26500   147.372 
   26550   147.891 
   26600   153.274 
   26650   149.716 
   26700   147.557 
   26750   151.044 
   26800   155.362 
   26850   151.212 
   26900   149.324 
   26950   146.220 
   27000   154.084 
   27050   154.073 
   27100   151.825 
   27150   151.015 
   27200   151.016 
   27250   152.467 
   27300   150.146 
   27350   150.618 
   27400   153.060 
   27450   153.009 
   27500   151.550 
   27550   151.773 
   27600   152.071 
   27650   151.882 
   27700   147.165 
   27750   150.045 
   27800   153.727 
   27850   151.603 
   27900   151.509 
   27950   148.048 
   28000   152.311 
   28050   149.017 
   28100   149.586 
   28150   151.470 
   28200   151.734 
   28250   154.140 
   28300   151.456 
   28350   149.454 
   28400   151.594 
   28450   153.262 
   28500   151.343 
   28550   150.899 
   28600   153.037 
   28650   150.924 
   28700   148.007 
   28750   150.104 
   28800   152.240 
   28850   152.977 
   28900   153.217 
   28950   147.784 
   29000   150.153 
   29050   149.371 
   29100   152.464 
   29150   149.408 
   29200   149.949 
   29250   152.958 
   29300   149.256 
   29350   150.599 
   29400   150.877 
   29450   153.053 
   29500   147.491 
   29550   151.927 
   29600   150.682 
   29650   152.709 
   29700   149.975 
   29750   150.895 
   29800   150.910 
   29850   154.301 
   29900   150.269 
   29950   151.921 
   30000   153.063 
   30050   148.783 
   30100   151.015 
   30150   151.192 
   30200   154.205 
   30250   152.212 
   30300   151.816 
   30350   150.948 
   30400   153.811 
   30450   153.517 
   30500   149.731 
   30550   151.319 
   30600   152.271 
   30650   155.365 
   30700   151.976 
   30750   150.001 
   30800   153.263 
   30850   151.845 
   30900   152.729 
   30950   146.693 
   31000   153.044 
   31050   154.577 
   31100   151.605 
   31150   149.623 
   31200   151.277 
   31250   151.009 
   31300   152.042 
   31350   151.783 
   31400   154.167 
   31450   150.838 
   31500   148.970 
   31550   149.574 
   31600   151.941 
   31650   152.746 
   31700   152.099 
   31750   152.062 
   31800   153.354 
   31850   149.438 
   31900   148.403 
   31950   149.784 
   32000   153.912 
   32050   151.323 
   32100   149.424 
   32150   154.571 
   32200   150.253 
   32250   145.450 
   32300   152.699 
   32350   153.105 
   32400   154.887 
   32450   149.055 
   32500   146.279 
   32550   150.585 
   32600   154.466 
   32650   151.239 
   32700   150.667 
   32750   152.586 
   32800   152.324 
   32850   148.146 
   32900   151.207 
   32950   152.467 
   33000   154.900 
   33050   150.480 
   33100   150.744 
   33150   151.992 
   33200   146.307 
   33250   151.308 
   33300   153.824 
   33350   151.931 
   33400   153.319 
   33450   153.162 
   33500   153.759 
   33550   154.817 
   33600   149.245 
   33650   148.210 
   33700   151.465 
   33750   149.665 
   33800   152.056 
   33850   152.164 
   33900   149.361 
   33950   150.957 
   34000   148.657 
   34050   151.801 
   34100   147.820 
   34150   152.663 
   34200   154.414 
   34250   151.019 
   34300   150.795 
   34350   149.332 
   34400   152.627 
   34450   150.549 
   34500   150.866 
   34550   146.813 
   34600   150.479 
   34650   150.707 
   34700   152.955 
   34750   153.116 
   34800   150.343 
   34850   148.644 
   34900   150.278 
   34950   150.353 
   35000   149.021 
   35050   152.308 
   35100   150.410 
   35150   153.225 
   35200   151.738 
   35250   149.535 
   35300   150.773 
   35350   152.755 
   35400   150.657 
   35450   150.607 
   35500   153.605 
   35550   151.673 
   35600   151.026 
   35650   148.219 
   35700   152.091 
   35750   149.931 
   35800   151.366 
   35850   151.484 
   35900   152.673 
   35950   151.774 
   36000   150.720 
   36050   152.068 
   36100   152.092 
   36150   149.961 
   36200   152.902 
   36250   155.549 
   36300   148.839 
   36350   151.055 
   36400   153.796 
   36450   151.634 
   36500   153.408 
   36550   148.008 
   36600   149.717 
   36650   150.817 
   36700   155.993 
   36750   150.805 
   36800   152.634 
   36850   147.866 
   36900   147.350 
   36950   154.468 
   37000   154.209 
   37050   149.820 
   37100   150.000 
   37150   150.484 
   37200   152.534 
   37250   156.540 
   37300   152.037 
   37350   150.872 
   37400   149.038 
   37450   150.392 
   37500   154.480 
   37550   150.626 
   37600   153.405 
   37650   153.965 
   37700   149.444 
   37750   151.539 
   37800   150.876 
   37850   150.071 
   37900   149.362 
   37950   152.105 
   38000   151.931 
   38050   150.611 
   38100   152.118 
   38150   152.021 
   38200   154.564 
   38250   153.498 
   38300   152.787 
   38350   151.174 
   38400   152.338 
   38450   155.536 
   38500   151.813 
   38550   152.173 
   38600   149.384 
   38650   151.948 
   38700   149.942 
   38750   149.421 
   38800   152.467 
   38850   153.671 
   38900   150.713 
   38950   149.805 
   39000   151.111 
   39050   152.261 
   39100   152.046 
   39150   150.877 
   39200   148.901 
   39250   150.879 
   39300   150.002 
   39350   152.549 
   39400   155.354 
   39450   156.074 
   39500   152.270 
   39550   149.193 
   39600   150.155 
   39650   149.592 
   39700   149.265 
   39750   152.025 
   39800   152.089 
   39850   151.876 
   39900   150.128 
   39950   148.125 
   40000   147.560 
   40050   151.328 
   40100   153.297 
   40150   151.118 
   40200   155.758 
   40250   148.902 
   40300   150.581 
   40350   149.368 
   40400   153.911 
   40450   151.657 
   40500   152.663 
   40550   152.815 
   40600   150.152 
   40650   151.054 
   40700   152.818 
   40750   152.421 
   40800   150.718 
   40850   151.069 
   40900   149.932 
   40950   151.809 
   41000   151.157 
   41050   152.425 
   41100   153.720 
   41150   149.375 
   41200   146.538 
   41250   149.992 
   41300   153.089 
   41350   150.227 
   41400   150.957 
   41450   153.308 
   41500   149.387 
   41550   148.756 
   41600   153.853 
   41650   151.125 
   41700   156.829 
   41750   151.313 
   41800   152.208 
   41850   150.233 
   41900   150.765 
   41950   154.123 
   42000   151.594 
   42050   154.632 
   42100   149.847 
   42150   151.774 
   42200   151.070 
   42250   149.988 
   42300   150.965 
   42350   152.799 
   42400   151.988 
   42450   150.670 
   42500   146.950 
   42550   152.359 
   42600   155.075 
   42650   151.415 
   42700   152.623 
   42750   149.476 
   42800   151.049 
   42850   152.259 
   42900   152.574 
   42950   149.059 
   43000   149.874 
   43050   151.718 
   43100   151.804 
   43150   150.330 
   43200   153.748 
   43250   147.628 
   43300   150.924 
   43350   152.336 
   43400   152.812 
   43450   148.576 
   43500   150.286 
   43550   152.452 
   43600   150.757 
   43650   149.762 
   43700   154.030 
   43750   149.744 
   43800   152.321 
   43850   153.143 
   43900   151.992 
   43950   151.783 
   44000   152.246 
   44050   153.651 
   44100   153.452 
   44150   151.560 
   44200   149.216 
   44250   157.101 
   44300   152.084 
   44350   151.203 
   44400   151.985 
   44450   150.519 
   44500   153.306 
   44550   154.636 
   44600   149.719 
   44650   150.201 
   44700   151.141 
   44750   150.390 
   44800   147.467 
   44850   151.640 
   44900   150.868 
   44950   150.024 
   45000   149.066 
   45050   151.840 
   45100   149.748 
   45150   152.315 
   45200   149.551 
   45250   149.571 
   45300   152.671 
   45350   151.108 
   45400   149.662 
   45450   152.076 
   45500   151.982 
   45550   150.428 
   45600   149.682 
   45650   151.220 
   45700   152.338 
   45750   150.298 
   45800   152.075 
   45850   150.901 
   45900   149.530 
   45950   152.471 
   46000   150.826 
   46050   150.662 
   46100   150.214 
   46150   146.402 
   46200   155.667 
   46250   148.943 
   46300   150.547 
   46350   152.118 
   46400   151.942 
   46450   152.214 
   46500   148.733 
   46550   151.874 
   46600   154.792 
   46650   150.944 
   46700   150.566 
   46750   152.037 
   46800   150.255 
   46850   151.517 
   46900   149.775 
   46950   150.575 
   47000   150.145 
   47050   150.919 
   47100   153.661 
   47150   154.881 
   47200   151.514 
   47250   149.990 
   47300   154.994 
   47350   151.046 
   47400   150.848 
   47450   151.011 
   47500   151.574 
   47550   151.972 
   47600   151.152 
   47650   150.509 
   47700   147.437 
   47750   151.327 
   47800   151.356 
   47850   149.861 
   47900   146.405 
   47950   151.504 
   48000   150.286 
   48050   150.994 
   48100   151.956 
   48150   149.343 
   48200   150.716 
   48250   150.783 
   48300   150.308 
   48350   156.028 
   48400   151.570 
   48450   150.767 
   48500   149.329 
   48550   151.033 
   48600   147.388 
   48650   152.877 
   48700   151.958 
   48750   149.760 
   48800   152.468 
   48850   153.049 
   48900   148.906 
   48950   152.497 
   49000   151.707 
   49050   155.245 
   49100   151.056 
   49150   150.111 
   49200   150.213 
   49250   151.505 
   49300   153.059 
   49350   149.714 
   49400   151.045 
   49450   149.470 
   49500   151.562 
   49550   149.887 
   49600   150.109 
   49650   154.558 
   49700   151.584 
   49750   150.602 
   49800   151.683 
   49850   155.335 
   49900   149.960 
   49950   148.818 
   50000   152.447 
   50050   154.424 
   50100   152.163 
   50150   152.266 
   50200   149.759 
   50250   152.822 
   50300   151.724 
   50350   151.756 
   50400   150.662 
   50450   154.125 
   50500   153.099 
   50550   153.998 
   50600   152.677 
   50650   151.333 
   50700   152.063 
   50750   148.564 
   50800   152.830 
   50850   154.802 
   50900   150.752 
   50950   148.335 
   51000   150.757 
   51050   153.196 
   51100   151.205 
   51150   148.003 
   51200   153.553 
   51250   153.530 
   51300   148.776 
   51350   150.093 
   51400   152.970 
   51450   153.780 
   51500   147.413 
   51550   152.857 
   51600   156.817 
   51650   150.923 
   51700   150.395 
   51750   150.538 
   51800   153.625 
   51850   153.352 
   51900   150.843 
   51950   153.307 
   52000   150.461 
   52050   148.860 
   52100   155.095 
   52150   152.879 
   52200   152.072 
   52250   151.439 
   52300   149.558 
   52350   153.410 
   52400   152.162 
   52450   151.087 
   52500   147.331 
   52550   154.855 
   52600   154.614 
   52650   151.711 
   52700   149.800 
   52750   147.950 
   52800   155.215 
   52850   154.478 
   52900   149.467 
   52950   154.915 
   53000   147.770 
   53050   150.109 
   53100   147.681 
   53150   152.481 
   53200   153.035 
   53250   147.917 
   53300   153.597 
   53350   154.827 
   53400   148.309 
   53450   148.759 
   53500   147.253 
   53550   153.822 
   53600   150.385 
   53650   152.711 
   53700   154.281 
   53750   150.491 
   53800   149.313 
   53850   152.360 
   53900   149.453 
   53950   155.530 
   54000   147.889 
   54050   150.446 
   54100   150.856 
   54150   151.078 
   54200   153.139 
   54250   150.010 
   54300   149.548 
   54350   151.556 
   54400   148.747 
   54450   148.449 
   54500   150.121 
   54550   151.965 
   54600   151.074 
   54650   148.310 
   54700   149.453 
   54750   151.457 
   54800   151.818 
   54850   152.557 
   54900   145.011 
   54950   153.408 
   55000   151.220 
   55050   150.519 
   55100   152.624 
   55150   148.646 
   55200   152.642 
   55250   146.955 
   55300   152.985 
   55350   150.440 
   55400   150.775 
   55450   150.502 
   55500   152.851 
   55550   155.450 
   55600   152.158 
   55650   150.944 
   55700   152.011 
   55750   151.289 
   55800   154.023 
   55850   154.135 
   55900   149.177 
   55950   150.704 
   56000   153.483 
   56050   155.587 
   56100   152.039 
   56150   152.280 
   56200   153.372 
   56250   152.340 
   56300   150.817 
   56350   151.130 
   56400   153.431 
   56450   151.564 
   56500   151.331 
   56550   150.844 
   56600   151.112 
   56650   147.585 
   56700   149.151 
   56750   151.232 
   56800   152.791 
   56850   151.927 
   56900   146.299 
   56950   151.429 
   57000   149.211 
   57050   149.312 
   57100   152.119 
   57150   153.887 
   57200   150.715 
   57250   150.778 
   57300   148.902 
   57350   150.198 
   57400   149.057 
   57450   151.675 
   57500   151.442 
   57550   152.528 
   57600   154.571 
   57650   155.957 
   57700   149.703 
   57750   149.000 
   57800   148.348 
   57850   150.387 
   57900   151.336 
   57950   150.576 
   58000   151.224 
   58050   150.236 
   58100   152.825 
   58150   153.873 
   58200   153.418 
   58250   150.959 
   58300   151.201 
   58350   149.372 
   58400   154.517 
   58450   152.604 
   58500   148.984 
   58550   153.523 
   58600   151.720 
   58650   151.697 
   58700   152.355 
   58750   149.416 
   58800   148.731 
   58850   153.462 
   58900   145.827 
   58950   153.648 
   59000   151.097 
   59050   156.090 
   59100   150.674 
   59150   151.660 
   59200   147.908 
   59250   150.551 
   59300   147.014 
   59350   153.105 
   59400   153.918 
   59450   149.495 
   59500   147.957 
   59550   156.684 
   59600   154.116 
   59650   149.571 
   59700   145.523 
   59750   149.567 
   59800   148.640 
   59850   152.780 
   59900   153.676 
   59950   151.725 
   60000   147.302 
   60050   152.788 
   60100   152.530 
   60150   152.134 
   60200   152.746 
   60250   147.073 
   60300   151.514 
   60350   154.817 
   60400   150.639 
   60450   150.656 
   60500   147.606 
   60550   152.844 
   60600   153.714 
   60650   150.246 
   60700   152.369 
   60750   154.218 
   60800   154.797 
   60850   150.065 
   60900   149.373 
   60950   150.880 
   61000   154.737 
   61050   157.376 
   61100   150.113 
   61150   149.642 
   61200   146.553 
   61250   151.343 
   61300   152.102 
   61350   155.861 
   61400   153.535 
   61450   149.885 
   61500   148.446 
   61550   148.015 
   61600   150.674 
   61650   153.536 
   61700   151.763 
   61750   147.807 
   61800   152.126 
   61850   148.993 
   61900   150.577 
   61950   150.115 
   62000   151.725 
   62050   152.811 
   62100   156.329 
   62150   149.975 
   62200   150.007 
   62250   145.890 
   62300   148.730 
   62350   156.446 
   62400   154.319 
   62450   152.589 
   62500   148.069 
   62550   150.232 
   62600   151.029 
   62650   151.176 
   62700   152.389 
   62750   149.413 
   62800   150.052 
   62850   149.474 
   62900   151.565 
   62950   152.161 
   63000   150.423 
   63050   151.343 
   63100   152.533 
   63150   152.927 
   63200   146.095 
   63250   144.718 
   63300   148.880 
   63350   156.834 
   63400   155.250 
   63450   147.648 
   63500   152.509 
   63550   152.392 
   63600   150.745 
   63650   149.862 
   63700   148.706 
   63750   152.992 
   63800   152.893 
   63850   150.159 
   63900   151.548 
   63950   149.287 
   64000   149.106 
   64050   150.627 
   64100   154.007 
   64150   150.691 
   64200   151.318 
   64250   146.986 
   64300   149.071 
   64350   154.334 
   64400   149.269 
   64450   151.483 
   64500   150.830 
   64550   151.700 
   64600   156.501 
   64650   148.935 
   64700   153.291 
   64750   148.177 
   64800   150.301 
   64850   154.144 
   64900   151.182 
   64950   152.391 
   65000   151.674 
   65050   150.909 
   65100   151.757 
   65150   152.245 
   65200   152.731 
   65250   152.995 
   65300   151.790 
   65350   150.391 
   65400   148.434 
   65450   152.612 
   65500   150.663 
   65550   152.371 
   65600   151.709 
   65650   148.851 
   65700   150.360 
   65750   154.012 
   65800   152.478 
   65850   148.097 
   65900   152.081 
   65950   149.886 
   66000   153.017 
   66050   148.369 
   66100   147.110 
   66150   150.891 
   66200   156.798 
   66250   152.769 
   66300   149.281 
   66350   152.389 
   66400   151.164 
   66450   155.315 
   66500   150.028 
   66550   148.792 
   66600   153.756 
   66650   155.943 
   66700   153.731 
   66750   146.463 
   66800   150.331 
   66850   150.705 
   66900   152.306 
   66950   152.168 
   67000   152.115 
   67050   150.982 
   67100   146.244 
   67150   151.586 
   67200   150.566 
   67250   151.017 
   67300   150.759 
   67350   152.358 
   67400   149.183 
   67450   150.810 
   67500   153.394 
   67550   154.485 
   67600   152.963 
   67650   148.993 
   67700   153.321 
   67750   151.360 
   67800   153.067 
   67850   150.574 
   67900   152.729 
   67950   148.880 
   68000   153.925 
   68050   150.345 
   68100   153.301 
   68150   149.794 
   68200   152.064 
   68250   151.669 
   68300   149.804 
   68350   155.163 
   68400   149.428 
   68450   151.758 
   68500   149.388 
   68550   151.773 
   68600   152.330 
   68650   152.143 
   68700   147.913 
   68750   153.227 
   68800   149.643 
   68850   150.749 
   68900   152.444 
   68950   149.491 
   69000   153.369 
   69050   151.004 
   69100   153.206 
   69150   154.632 
   69200   147.619 
   69250   156.062 
   69300   149.784 
   69350   151.100 
   69400   153.033 
   69450   150.955 
   69500   153.390 
   69550   149.975 
   69600   152.237 
   69650   157.625 
   69700   148.266 
   69750   147.367 
   69800   152.486 
   69850   152.164 
   69900   153.967 
   69950   148.193 
   70000   153.735 
   70050   148.253 
   70100   152.435 
   70150   150.942 
   70200   154.655 
   70250   151.489 
   70300   152.340 
   70350   148.302 
   70400   148.518 
   70450   153.203 
   70500   151.793 
   70550   150.293 
   70600   151.152 
   70650   152.480 
   70700   155.820 
   70750   148.980 
   70800   150.042 
   70850   152.099 
   70900   153.731 
   70950   155.365 
   71000   147.770 
   71050   153.943 
   71100   151.366 
   71150   151.867 
   71200   153.545 
   71250   151.954 
   71300   152.792 
   71350   150.844 
   71400   153.030 
   71450   151.592 
   71500   150.033 
   71550   156.336 
   71600   153.767 
   71650   152.038 
   71700   150.643 
   71750   150.105 
   71800   155.380 
   71850   147.701 
   71900   152.463 
   71950   152.749 
   72000   151.707 
   72050   153.883 
   72100   149.759 
   72150   152.496 
   72200   154.720 
   72250   148.541 
   72300   149.910 
   72350   153.841 
   72400   151.966 
   72450   150.239 
   72500   148.939 
   72550   151.369 
   72600   154.879 
   72650   153.809 
   72700   146.169 
   72750   155.310 
   72800   154.413 
   72850   152.568 
   72900   151.743 
   72950   151.585 
   73000   151.305 
   73050   147.767 
   73100   150.709 
   73150   156.249 
   73200   151.558 
   73250   150.367 
   73300   153.112 
   73350   148.697 
   73400   151.901 
   73450   150.921 
   73500   149.479 
   73550   154.786 
   73600   150.730 
   73650   154.105 
   73700   149.118 
   73750   151.301 
   73800   151.807 
   73850   149.297 
   73900   153.183 
   73950   151.273 
   74000   154.722 
   74050   150.088 
   74100   149.494 
   74150   151.958 
   74200   151.064 
   74250   153.516 
   74300   152.457 
   74350   153.921 
   74400   153.157 
   74450   154.165 
   74500   151.078 
   74550   152.625 
   74600   148.883 
   74650   150.954 
   74700   153.149 
   74750   155.160 
   74800   147.686 
   74850   151.296 
   74900   153.937 
   74950   154.638 
   75000   153.427 
   75050   150.152 
   75100   152.746 
   75150   152.929 
   75200   153.636 
   75250   148.801 
   75300   156.617 
   75350   153.030 
   75400   153.853 
   75450   149.656 
   75500   151.527 
   75550   152.877 
   75600   149.234 
   75650   149.689 
   75700   152.357 
   75750   153.409 
   75800   150.629 
   75850   149.250 
   75900   144.869 
   75950   152.014 
   76000   155.293 
   76050   154.813 
   76100   149.329 
   76150   150.012 
   76200   149.697 
   76250   150.296 
   76300   153.227 
   76350   152.232 
   76400   151.183 
   76450   154.412 
   76500   149.483 
   76550   149.431 
   76600   146.598 
   76650   151.051 
   76700   153.109 
   76750   152.266 
   76800   150.839 
   76850   149.806 
   76900   147.040 
   76950   151.937 
   77000   154.060 
   77050   154.708 
   77100   149.579 
   77150   149.361 
   77200   148.745 
   77250   151.280 
   77300   151.048 
   77350   152.026 
   77400   152.829 
   77450   153.071 
   77500   151.248 
   77550   145.202 
   77600   149.262 
   77650   151.401 
   77700   154.709 
   77750   150.124 
   77800   151.081 
   77850   151.138 
   77900   149.168 
   77950   149.165 
   78000   147.287 
   78050   153.958 
   78100   154.307 
   78150   147.002 
   78200   150.138 
   78250   149.060 
   78300   152.871 
   78350   147.364 
   78400   151.391 
   78450   152.308 
   78500   152.151 
   78550   146.320 
   78600   153.092 
   78650   152.573 
   78700   149.281 
   78750   152.386 
   78800   148.288 
   78850   152.090 
   78900   150.636 
   78950   151.143 
   79000   155.880 
   79050   149.711 
   79100   151.991 
   79150   148.656 
   79200   151.306 
   79250   151.988 
   79300   147.609 
   79350   152.340 
   79400   152.663 
   79450   148.106 
   79500   151.488 
   79550   153.510 
   79600   149.970 
   79650   151.546 
   79700   150.458 
   79750   152.478 
   79800   149.972 
   79850   149.915 
   79900   153.093 
   79950   151.440 
   80000   149.270 
   80050   155.064 
   80100   149.638 
   80150   153.219 
   80200   149.352 
   80250   151.668 
   80300   152.316 
   80350   150.243 
   80400   153.453 
   80450   147.774 
   80500   153.569 
   80550   153.105 
   80600   147.981 
   80650   151.632 
   80700   150.107 
   80750   152.241 
   80800   153.985 
   80850   150.257 
   80900   150.991 
   80950   152.840 
   81000   153.117 
   81050   154.949 
   81100   150.129 
   81150   154.584 
   81200   155.844 
   81250   149.884 
   81300   149.079 
   81350   151.480 
   81400   159.174 
   81450   150.746 
   81500   153.324 
   81550   152.278 
   81600   151.238 
   81650   151.640 
   81700   150.988 
   81750   153.053 
   81800   152.920 
   81850   150.795 
   81900   150.352 
   81950   148.110 
   82000   152.908 
   82050   148.232 
   82100   150.559 
   82150   153.049 
   82200   150.825 
   82250   149.593 
   82300   147.416 
   82350   156.190 
   82400   151.030 
   82450   153.032 
   82500   153.774 
   82550   150.427 
   82600   149.346 
   82650   151.373 
   82700   150.406 
   82750   152.375 
   82800   152.116 
   82850   154.143 
   82900   151.231 
   82950   147.874 
   83000   151.971 
   83050   150.133 
   83100   151.511 
   83150   151.861 
   83200   150.996 
   83250   153.957 
   83300   153.016 
   83350   151.962 
   83400   150.773 
   83450   150.270 
   83500   152.583 
   83550   152.494 
   83600   154.978 
   83650   148.467 
   83700   154.957 
   83750   149.699 
   83800   151.832 
   83850   155.571 
   83900   151.593 
   83950   152.514 
   84000   146.673 
   84050   156.229 
   84100   148.304 
   84150   150.136 
   84200   152.105 
   84250   151.816 
   84300   151.569 
   84350   151.924 
   84400   150.597 
   84450   151.181 
   84500   152.462 
   84550   153.994 
   84600   153.499 
   84650   147.804 
   84700   154.813 
   84750   149.977 
   84800   153.256 
   84850   150.515 
   84900   149.266 
   84950   155.264 
   85000   150.892 
   85050   155.139 
   85100   148.882 
   85150   150.741 
   85200   151.793 
   85250   147.910 
   85300   151.878 
   85350   152.155 
   85400   149.987 
   85450   151.106 
   85500   152.507 
   85550   152.176 
   85600   149.222 
   85650   150.083 
   85700   151.992 
   85750   149.211 
   85800   152.454 
   85850   157.297 
   85900   148.004 
   85950   151.679 
   86000   147.557 
   86050   152.475 
   86100   153.758 
   86150   154.742 
   86200   150.782 
   86250   147.629 
   86300   151.410 
   86350   153.518 
   86400   150.291 
   86450   152.389 
   86500   152.014 
   86550   152.307 
   86600   154.626 
   86650   145.788 
   86700   150.536 
   86750   152.730 
   86800   151.692 
   86850   154.346 
   86900   154.200 
   86950   147.791 
   87000   146.016 
   87050   150.563 
   87100   152.554 
   87150   151.157 
   87200   154.338 
   87250   151.607 
   87300   147.870 
   87350   147.415 
   87400   151.384 
   87450   154.639 
   87500   150.517 
   87550   148.231 
   87600   151.657 
   87650   150.727 
   87700   150.278 
   87750   153.058 
   87800   151.783 
   87850   151.517 
   87900   152.205 
   87950   150.404 
   88000   152.310 
   88050   150.669 
   88100   152.328 
   88150   149.954 
   88200   151.484 
   88250   151.195 
   88300   150.540 
   88350   150.275 
   88400   150.757 
   88450   150.844 
   88500   152.581 
   88550   147.832 
   88600   147.420 
   88650   154.353 
   88700   148.434 
   88750   151.417 
   88800   150.959 
   88850   151.127 
   88900   153.303 
   88950   146.194 
   89000   152.891 
   89050   154.048 
   89100   150.536 
   89150   148.106 
   89200   151.560 
   89250   154.066 
   89300   150.011 
   89350   151.709 
   89400   154.845 
   89450   150.542 
   89500   149.865 
   89550   152.903 
   89600   152.230 
   89650   152.083 
   89700   150.633 
   89750   151.115 
   89800   147.458 
   89850   153.938 
   89900   153.349 
   89950   153.881 
   90000   149.089 
   90050   150.071 
   90100   151.030 
   90150   153.014 
   90200   152.059 
   90250   148.795 
   90300   151.405 
   90350   153.093 
   90400   154.287 
   90450   152.377 
   90500   151.299 
   90550   151.346 
   90600   150.037 
   90650   152.431 
   90700   151.013 
   90750   153.152 
   90800   149.353 
   90850   151.810 
   90900   152.281 
   90950   154.942 
   91000   151.904 
   91050   150.946 
   91100   147.178 
   91150   147.712 
   91200   149.998 
   91250   150.930 
   91300   149.782 
   91350   151.018 
   91400   153.483 
   91450   150.897 
   91500   147.905 
   91550   147.544 
   91600   152.997 
   91650   151.666 
   91700   152.330 
   91750   150.804 
   91800   151.809 
   91850   152.467 
   91900   150.560 
   91950   150.950 
   92000   148.980 
   92050   153.496 
   92100   153.910 
   92150   151.673 
   92200   153.242 
   92250   148.136 
   92300   150.775 
   92350   152.817 
   92400   148.557 
   92450   154.649 
   92500   149.587 
   92550   153.137 
   92600   149.504 
   92650   146.502 
   92700   150.621 
   92750   150.239 
   92800   152.787 
   92850   153.113 
   92900   151.292 
   92950   148.366 
   93000   152.603 
   93050   149.954 
   93100   154.596 
   93150   154.540 
   93200   150.236 
   93250   152.853 
   93300   149.421 
   93350   150.236 
   93400   149.687 
   93450   145.672 
   93500   156.798 
   93550   151.538 
   93600   151.702 
   93650   149.138 
   93700   147.080 
   93750   154.092 
   93800   152.458 
   93850   151.847 
   93900   153.016 
   93950   151.465 
   94000   153.062 
   94050   148.726 
   94100   149.801 
   94150   151.338 
   94200   150.806 
   94250   151.461 
   94300   148.251 
   94350   151.421 
   94400   154.121 
   94450   150.958 
   94500   151.131 
   94550   147.529 
   94600   155.187 
   94650   151.320 
   94700   150.103 
   94750   152.193 
   94800   150.625 
   94850   147.655 
   94900   149.800 
   94950   152.287 
   95000   152.322 
   95050   151.770 
   95100   146.288 
   95150   150.746 
   95200   153.694 
   95250   152.364 
   95300   149.208 
   95350   150.670 
   95400   151.597 
   95450   150.384 
   95500   152.798 
   95550   154.546 
   95600   150.543 
   95650   149.002 
   95700   149.344 
   95750   153.059 
   95800   153.024 
   95850   151.133 
   95900   152.817 
   95950   151.013 
   96000   149.495 
   96050   150.443 
   96100   151.247 
   96150   152.466 
   96200   150.993 
   96250   155.412 
   96300   148.053 
   96350   150.305 
   96400   148.276 
   96450   152.074 
   96500   151.915 
   96550   148.854 
   96600   148.576 
   96650   148.800 
   96700   150.281 
   96750   148.789 
   96800   149.841 
   96850   148.312 
   96900   153.812 
   96950   151.159 
   97000   149.700 
   97050   149.632 
   97100   151.343 
   97150   152.966 
   97200   149.462 
   97250   151.493 
   97300   151.974 
   97350   153.300 
   97400   149.525 
   97450   152.535 
   97500   151.722 
   97550   150.655 
   97600   149.877 
   97650   150.318 
   97700   149.930 
   97750   152.231 
   97800   152.916 
   97850   151.761 
   97900   148.571 
   97950   147.395 
   98000   148.811 
   98050   151.749 
   98100   149.324 
   98150   155.966 
   98200   151.093 
   98250   149.923 
   98300   150.313 
   98350   150.260 
   98400   153.910 
   98450   153.650 
   98500   152.507 
   98550   149.847 
   98600   146.273 
   98650   153.166 
   98700   155.983 
   98750   154.536 
   98800   150.580 
   98850   148.970 
   98900   150.660 
   98950   151.888 
   99000   149.822 
   99050   149.784 
   99100   150.475 
   99150   150.936 
   99200   148.329 
   99250   153.673 
   99300   148.341 
   99350   150.226 
   99400   153.146 
   99450   148.998 
   99500   151.602 
   99550   145.745 
   99600   156.207 
   99650   152.216 
   99700   153.084 
   99750   150.540 
   99800   148.526 
   99850   152.805 
   99900   149.547 
   99950   151.722 
