       0   108.377 
      50   100.743 
     100   102.978 
     150   101.147 
     200   104.323 
     250   106.068 
     300   109.106 
     350   106.594 
     400   102.317 
     450   105.203 
     500    98.471 
     550   103.907 
     600   106.381 
     650   104.648 
     700   104.024 
     750   105.261 
     800   102.041 
     850   102.228 
     900   102.104 
     950   106.060 
    1000   104.396 
    1050   107.381 
    1100   102.420 
    1150   101.997 
    1200   106.071 
    1250   106.045 
    1300   104.485 
    1350   101.696 
    1400   105.388 
    1450   103.497 
    1500   105.804 
    1550   103.977 
    1600   104.549 
    1650   108.334 
    1700   103.433 
    1750    97.685 
    1800   101.997 
    1850   106.993 
    1900   104.506 
    1950   103.170 
    2000   105.536 
    2050   106.855 
    2100   105.062 
    2150   103.968 
    2200   101.141 
    2250   101.919 
    2300   108.759 
    2350   106.906 
    2400   103.351 
    2450   104.453 
    2500   106.321 
    2550   105.409 
    2600   105.204 
    2650   104.797 
    2700   103.844 
    2750   103.018 
    2800   103.465 
    2850   106.527 
    2900   103.363 
    2950   104.229 
    3000   105.794 
    3050   103.600 
    3100   108.716 
    3150   101.169 
    3200   106.650 
    3250   105.557 
    3300   106.776 
    3350   101.034 
    3400   102.614 
    3450   104.141 
    3500   101.505 
    3550   107.699 
    3600   105.626 
    3650   101.347 
    3700   103.744 
    3750   103.748 
    3800   102.841 
    3850   105.101 
    3900   101.487 
    3950   101.397 
    4000   105.114 
    4050    99.970 
    4100   106.185 
    4150   104.287 
    4200   100.487 
    4250   105.054 
    4300   104.743 
    4350    98.293 
    4400   106.612 
    4450   102.425 
    4500   103.666 
    4550   103.309 
    4600   105.214 
    4650   105.260 
    4700   106.707 
    4750   102.274 
    4800    98.037 
    4850   100.954 
    4900   104.915 
    4950   107.052 
    5000   107.676 
    5050   104.680 
    5100   103.998 
    5150   102.920 
    5200    98.768 
    5250   101.085 
    5300   104.186 
    5350   103.460 
    5400   108.920 
    5450   106.457 
    5500   104.430 
    5550   100.369 
    5600   105.204 
    5650   100.326 
    5700   103.433 
    5750   105.141 
    5800   103.362 
    5850   103.922 
    5900   103.538 
    5950    99.794 
    6000   103.914 
    6050   104.950 
    6100   100.783 
    6150   103.597 
    6200   103.967 
    6250   101.996 
    6300   101.860 
    6350   104.864 
    6400   102.910 
    6450   104.644 
    6500   105.256 
    6550   104.929 
    6600   102.859 
    6650   104.075 
    6700   101.999 
    6750   106.687 
    6800   106.410 
    6850   106.264 
    6900   109.452 
    6950   106.782 
    7000   100.366 
    7050   102.152 
    7100   103.155 
    7150   104.011 
    7200   105.014 
    7250   105.236 
    7300   102.507 
    7350   101.238 
    7400   104.958 
    7450   103.977 
    7500   103.990 
    7550   106.754 
    7600   106.376 
    7650   102.074 
    7700    99.408 
    7750   102.584 
    7800   102.585 
    7850   102.989 
    7900   102.688 
    7950   106.434 
    8000   104.776 
    8050   100.250 
    8100   102.730 
    8150   102.660 
    8200   104.727 
    8250   100.248 
    8300   102.191 
    8350   104.398 
    8400   104.261 
    8450   103.916 
    8500   100.471 
    8550   101.360 
    8600   102.273 
    8650   107.596 
    8700   100.331 
    8750   100.601 
    8800   104.512 
    8850   101.623 
    8900   104.324 
    8950   102.732 
    9000   104.413 
    9050   100.128 
    9100   102.087 
    9150   105.262 
    9200   102.422 
    9250   102.077 
    9300   107.713 
    9350   105.595 
    9400   103.128 
    9450   104.517 
    9500   106.348 
    9550   105.006 
    9600   100.321 
    9650   102.364 
    9700   103.903 
    9750   107.447 
    9800   103.192 
    9850   101.617 
    9900   106.456 
    9950   103.513 
   10000   106.246 
   10050   101.704 
   10100   101.944 
   10150   104.254 
   10200   106.878 
   10250   105.429 
   10300   101.453 
   10350   105.623 
   10400   105.568 
   10450   102.386 
   10500    98.901 
   10550   103.759 
   10600   107.699 
   10650   107.074 
   10700   103.266 
   10750   106.468 
   10800   102.735 
   10850   104.129 
   10900   104.528 
   10950   104.880 
   11000   101.365 
   11050   105.531 
   11100   104.478 
   11150   101.553 
   11200   100.870 
   11250   100.980 
   11300   103.559 
   11350   106.622 
   11400   103.117 
   11450   107.292 
   11500   102.371 
   11550   101.809 
   11600   102.920 
   11650   106.140 
   11700   100.996 
   11750   107.162 
   11800   104.455 
   11850   103.735 
   11900   106.303 
   11950   100.702 
   12000   102.689 
   12050   106.876 
   12100   104.638 
   12150   102.170 
   12200   105.783 
   12250   104.522 
   12300   106.050 
   12350   104.617 
   12400   101.237 
   12450   104.704 
   12500   101.027 
   12550   102.602 
   12600   103.608 
   12650   106.261 
   12700    98.790 
   12750   106.558 
   12800   108.090 
   12850   104.501 
   12900   103.720 
   12950   101.330 
   13000    99.229 
   13050   104.860 
   13100   109.542 
   13150   106.214 
   13200   105.818 
   13250   106.229 
   13300   103.331 
   13350   102.952 
   13400   102.599 
   13450   106.694 
   13500   108.559 
   13550   102.135 
   13600   102.906 
   13650   109.063 
   13700   103.255 
   13750   103.640 
   13800   106.689 
   13850   102.609 
   13900   102.870 
   13950   105.849 
   14000   103.269 
   14050   105.811 
   14100   104.183 
   14150   103.710 
   14200   105.080 
   14250   103.492 
   14300   103.844 
   14350   110.042 
   14400   105.208 
   14450   105.750 
   14500   110.440 
   14550   104.662 
   14600   100.233 
   14650   104.935 
   14700   104.632 
   14750   105.225 
   14800   104.600 
   14850   108.340 
   14900    99.150 
   14950   101.970 
   15000   102.771 
   15050   101.452 
   15100   107.738 
   15150   106.429 
   15200   101.431 
   15250   102.629 
   15300   103.871 
   15350   104.800 
   15400   100.573 
   15450   102.324 
   15500   104.627 
   15550   103.886 
   15600   103.858 
   15650   103.360 
   15700   100.525 
   15750   100.773 
   15800   104.610 
   15850   104.169 
   15900   104.522 
   15950   104.841 
   16000   104.842 
   16050   101.830 
   16100   102.407 
   16150   106.715 
   16200   106.305 
   16250   103.585 
   16300   105.447 
   16350   106.362 
   16400   102.695 
   16450   104.572 
   16500   107.695 
   16550   102.624 
   16600   103.600 
   16650   102.793 
   16700   105.051 
   16750   106.049 
   16800   103.534 
   16850   103.439 
   16900   106.332 
   16950   103.774 
   17000   105.242 
   17050    98.432 
   17100   102.547 
   17150   103.198 
   17200   104.500 
   17250   105.469 
   17300   105.083 
   17350   103.667 
   17400   102.418 
   17450   102.971 
   17500   103.882 
   17550   102.902 
   17600   106.292 
   17650   105.602 
   17700   103.028 
   17750   101.025 
   17800   104.241 
   17850   104.708 
   17900   104.964 
   17950   105.027 
   18000   102.619 
   18050   102.092 
   18100   101.941 
   18150   104.704 
   18200   105.006 
   18250   106.604 
   18300   100.879 
   18350   104.657 
   18400   108.820 
   18450   101.726 
   18500    98.965 
   18550   103.584 
   18600   102.770 
   18650   105.919 
   18700   103.434 
   18750   103.281 
   18800   101.744 
   18850   102.644 
   18900   107.518 
   18950   107.893 
   19000   100.940 
   19050   102.087 
   19100   103.511 
   19150   103.804 
   19200   103.752 
   19250   105.021 
   19300   100.812 
   19350   101.423 
   19400   103.421 
   19450   107.251 
   19500   105.236 
   19550   108.278 
   19600   102.979 
   19650    99.869 
   19700   103.751 
   19750   104.971 
   19800   104.055 
   19850   105.811 
   19900   105.421 
   19950    98.333 
   20000   104.524 
   20050   105.327 
   20100   103.826 
   20150   102.344 
   20200   108.350 
   20250   103.260 
   20300   104.934 
   20350   104.756 
   20400   102.355 
   20450   104.235 
   20500   102.240 
   20550   106.056 
   20600   103.702 
   20650   105.317 
   20700   102.775 
   20750   105.255 
   20800   105.091 
   20850   104.159 
   20900   104.069 
   20950   104.946 
   21000   100.010 
   21050   102.484 
   21100   104.531 
   21150   104.115 
   21200   104.726 
   21250   106.209 
   21300    99.157 
   21350   103.115 
   21400   105.049 
   21450   106.361 
   21500   100.301 
   21550   105.227 
   21600   107.426 
   21650   103.626 
   21700   104.816 
   21750   102.746 
   21800   102.383 
   21850   107.656 
   21900   103.029 
   21950   101.654 
   22000   106.976 
   22050   105.798 
   22100   102.716 
   22150   104.599 
   22200   104.836 
   22250   102.433 
   22300   101.309 
   22350   102.884 
   22400   103.888 
   22450   106.016 
   22500   101.669 
   22550   104.495 
   22600   104.056 
   22650   101.986 
   22700   108.062 
   22750   102.397 
   22800    99.288 
   22850   103.634 
   22900   103.904 
   22950   104.405 
   23000   105.959 
   23050   104.700 
   23100   103.505 
   23150   101.933 
   23200   104.503 
   23250   103.568 
   23300   101.225 
   23350   104.282 
   23400   103.766 
   23450   107.710 
   23500   103.145 
   23550   104.021 
   23600   103.659 
   23650   100.154 
   23700   103.028 
   23750   108.269 
   23800   102.542 
   23850   101.952 
   23900   103.294 
   23950   106.201 
   24000    99.267 
   24050   106.082 
   24100   103.821 
   24150   103.934 
   24200   104.410 
   24250   104.138 
   24300   101.192 
   24350   105.191 
   24400   103.555 
   24450   102.931 
   24500   105.532 
   24550   105.983 
   24600   104.804 
   24650   103.774 
   24700   102.496 
   24750   104.301 
   24800   106.486 
   24850   104.075 
   24900   104.237 
   24950   103.972 
   25000   101.108 
   25050   103.382 
   25100   104.738 
   25150   102.814 
   25200   105.069 
   25250   102.146 
   25300   103.967 
   25350   103.997 
   25400   100.264 
   25450   106.164 
   25500   103.970 
   25550   102.421 
   25600   107.543 
   25650   102.349 
   25700   102.920 
   25750   107.744 
   25800   103.176 
   25850   101.144 
   25900   109.116 
   25950   105.493 
   26000   103.186 
   26050   103.756 
   26100   104.434 
   26150   102.820 
   26200   100.784 
   26250   105.946 
   26300   102.389 
   26350   103.265 
   26400   103.392 
   26450   103.612 
   26500   102.603 
   26550   102.731 
   26600   101.641 
   26650   105.254 
   26700   101.775 
   26750   105.130 
   26800   107.200 
   26850   103.655 
   26900   101.391 
   26950   102.171 
   27000   100.667 
   27050   100.197 
   27100   107.134 
   27150   100.664 
   27200   105.219 
   27250   102.214 
   27300   101.847 
   27350   104.974 
   27400    99.911 
   27450   104.316 
   27500   106.607 
   27550   104.423 
   27600   103.297 
   27650   101.346 
   27700   101.424 
   27750   104.690 
   27800   104.684 
   27850   107.093 
   27900   105.490 
   27950   104.878 
   28000   102.457 
   28050   103.923 
   28100   104.781 
   28150   104.952 
   28200   102.606 
   28250   103.129 
   28300   102.364 
   28350   104.148 
   28400   103.759 
   28450   103.430 
   28500    99.214 
   28550   102.359 
   28600   101.418 
   28650   102.902 
   28700   104.767 
   28750   102.700 
   28800   104.022 
   28850   101.657 
   28900   103.395 
   28950   101.072 
   29000   105.518 
   29050   104.808 
   29100   104.623 
   29150   106.584 
   29200    99.968 
   29250   103.311 
   29300   106.193 
   29350   104.578 
   29400   107.504 
   29450   106.334 
   29500   102.595 
   29550   106.212 
   29600   103.342 
   29650   103.559 
   29700   103.611 
   29750   107.171 
   29800   102.097 
   29850   101.896 
   29900   107.220 
   29950   100.645 
   30000   102.275 
   30050   107.996 
   30100   101.474 
   30150   106.856 
   30200   102.469 
   30250   100.556 
   30300   103.195 
   30350   104.645 
   30400   104.012 
   30450   101.287 
   30500   106.141 
   30550   101.600 
   30600   103.550 
   30650   109.998 
   30700   101.074 
   30750   104.493 
   30800   104.101 
   30850    96.095 
   30900   108.485 
   30950   108.456 
   31000   103.099 
   31050    99.071 
   31100   100.868 
   31150   103.875 
   31200   106.663 
   31250   106.811 
   31300   103.632 
   31350   100.855 
   31400   102.704 
   31450   103.439 
   31500   105.102 
   31550   104.536 
   31600   104.790 
   31650   101.268 
   31700   101.931 
   31750   101.741 
   31800   105.104 
   31850   102.881 
   31900   102.019 
   31950   105.314 
   32000   104.302 
   32050   101.263 
   32100   104.519 
   32150   106.208 
   32200    98.320 
   32250   104.785 
   32300   104.120 
   32350   102.904 
   32400   101.024 
   32450   103.959 
   32500   102.231 
   32550   105.113 
   32600   106.588 
   32650   104.834 
   32700   101.607 
   32750   102.996 
   32800   105.490 
   32850   102.137 
   32900   104.967 
   32950   105.934 
   33000   101.590 
   33050   102.806 
   33100   102.553 
   33150   104.478 
   33200   102.496 
   33250   106.652 
   33300   102.077 
   33350   102.897 
   33400   101.065 
   33450   107.283 
   33500   103.486 
   33550   103.975 
   33600   101.566 
   33650   102.044 
   33700   103.509 
   33750   102.114 
   33800   100.280 
   33850   105.847 
   33900   103.318 
   33950   106.288 
   34000   102.132 
   34050   102.561 
   34100   101.181 
   34150   108.619 
   34200   101.694 
   34250   103.638 
   34300   104.068 
   34350   104.650 
   34400   105.756 
   34450   104.235 
   34500   100.677 
   34550   101.727 
   34600   104.071 
   34650   104.380 
   34700    99.501 
   34750   101.162 
   34800   104.147 
   34850   101.763 
   34900   103.347 
   34950   101.788 
   35000   104.796 
   35050   103.099 
   35100   105.056 
   35150   106.811 
   35200   103.615 
   35250   102.582 
   35300   103.783 
   35350   107.649 
   35400   107.037 
   35450   108.774 
   35500   101.880 
   35550   102.997 
   35600   103.858 
   35650   105.418 
   35700   107.290 
   35750   103.116 
   35800    99.004 
   35850   106.156 
   35900   102.533 
   35950   106.355 
   36000   106.464 
   36050   104.727 
   36100   103.188 
   36150   103.683 
   36200   104.592 
   36250   106.425 
   36300   103.428 
   36350   104.781 
   36400   105.686 
   36450   105.943 
   36500   105.488 
   36550   103.054 
   36600   103.571 
   36650   100.682 
   36700   102.355 
   36750   106.250 
   36800   107.307 
   36850   108.212 
   36900   103.453 
   36950   102.668 
   37000   106.306 
   37050   104.057 
   37100   108.632 
   37150   109.973 
   37200   101.173 
   37250   104.548 
   37300   108.566 
   37350   105.108 
   37400   103.912 
   37450   107.013 
   37500   104.328 
   37550   104.231 
   37600   103.966 
   37650   108.259 
   37700   105.444 
   37750   104.044 
   37800   102.795 
   37850   103.844 
   37900   108.274 
   37950    98.865 
   38000   103.594 
   38050   108.815 
   38100   101.902 
   38150   105.450 
   38200   105.267 
   38250   103.295 
   38300   104.063 
   38350   105.083 
   38400   102.870 
   38450   104.130 
   38500   102.867 
   38550   105.043 
   38600   103.461 
   38650   105.883 
   38700   104.048 
   38750   106.199 
   38800   101.263 
   38850   102.370 
   38900   103.162 
   38950   104.101 
   39000   102.437 
   39050   103.626 
   39100   104.479 
   39150   106.006 
   39200   105.490 
   39250   104.301 
   39300   101.376 
   39350   102.294 
   39400   109.006 
   39450   103.809 
   39500   104.541 
   39550   101.462 
   39600   104.743 
   39650   104.211 
   39700   107.662 
   39750   105.610 
   39800   104.703 
   39850   105.719 
   39900   105.924 
   39950   106.827 
   40000   102.033 
   40050   103.261 
   40100   106.306 
   40150   102.070 
   40200   101.179 
   40250   103.182 
   40300   107.289 
   40350   105.175 
   40400   105.777 
   40450   104.904 
   40500    98.983 
   40550   101.611 
   40600   107.219 
   40650   103.335 
   40700   104.976 
   40750   102.447 
   40800   104.693 
   40850   104.584 
   40900   105.500 
   40950   107.531 
   41000   105.953 
   41050   100.259 
   41100   103.378 
   41150   106.998 
   41200   106.462 
   41250   103.932 
   41300   104.052 
   41350   104.502 
   41400   102.478 
   41450   106.353 
   41500   101.272 
   41550   102.278 
   41600   105.251 
   41650   108.232 
   41700   106.482 
   41750   105.411 
   41800   102.978 
   41850   105.044 
   41900   105.121 
   41950   102.503 
   42000   105.295 
   42050   105.043 
   42100   104.420 
   42150   104.493 
   42200   102.852 
   42250   106.617 
   42300   101.653 
   42350   105.434 
   42400   102.925 
   42450   105.886 
   42500   107.334 
   42550   104.380 
   42600   105.293 
   42650    99.220 
   42700   101.839 
   42750   105.866 
   42800   104.422 
   42850   100.139 
   42900   104.972 
   42950   102.637 
   43000   102.717 
   43050   105.811 
   43100   105.616 
   43150   106.093 
   43200   103.545 
   43250   102.086 
   43300   103.209 
   43350   104.200 
   43400   103.805 
   43450   103.054 
   43500   105.567 
   43550   104.276 
   43600   101.840 
   43650   105.423 
   43700   101.906 
   43750   102.923 
   43800   105.338 
   43850   104.474 
   43900   105.881 
   43950   104.884 
   44000   105.410 
   44050   103.664 
   44100   103.990 
   44150   105.487 
   44200   104.903 
   44250   103.153 
   44300   102.955 
   44350   101.392 
   44400   104.452 
   44450   104.946 
   44500   103.496 
   44550   103.809 
   44600   105.226 
   44650   102.793 
   44700   101.287 
   44750   107.367 
   44800    99.228 
   44850   104.158 
   44900   103.717 
   44950   101.713 
   45000   105.186 
   45050   102.503 
   45100   102.933 
   45150   107.645 
   45200   104.982 
   45250   103.220 
   45300   104.902 
   45350   106.661 
   45400   102.891 
   45450   102.308 
   45500   105.959 
   45550   103.035 
   45600   106.632 
   45650   103.708 
   45700   104.073 
   45750   104.013 
   45800   106.537 
   45850   105.210 
   45900   100.601 
   45950   105.569 
   46000   104.116 
   46050   105.795 
   46100   104.857 
   46150   101.146 
   46200   103.618 
   46250   105.449 
   46300   103.868 
   46350   103.079 
   46400   104.131 
   46450   101.839 
   46500   105.572 
   46550   108.252 
   46600   103.504 
   46650   104.631 
   46700   104.893 
   46750   105.791 
   46800   104.590 
   46850   107.112 
   46900   104.352 
   46950   103.459 
   47000   105.324 
   47050   102.037 
   47100   102.390 
   47150   103.239 
   47200   101.828 
   47250   105.657 
   47300   106.000 
   47350   103.939 
   47400   103.157 
   47450   100.954 
   47500   102.461 
   47550   103.582 
   47600   101.123 
   47650   104.569 
   47700   102.947 
   47750   104.549 
   47800   100.442 
   47850   102.123 
   47900   102.410 
   47950   107.170 
   48000   104.301 
   48050   104.952 
   48100   105.416 
   48150   103.611 
   48200   105.599 
   48250   103.615 
   48300   104.042 
   48350   101.319 
   48400   101.663 
   48450   103.497 
   48500   103.332 
   48550   103.433 
   48600   106.815 
   48650   104.148 
   48700   104.443 
   48750   104.221 
   48800   102.641 
   48850   105.033 
   48900   103.972 
   48950   103.824 
   49000   104.696 
   49050   107.077 
   49100   105.122 
   49150   104.076 
   49200   104.237 
   49250   105.918 
   49300   104.321 
   49350   105.625 
   49400   103.144 
   49450   101.351 
   49500   104.776 
   49550   104.263 
   49600   105.667 
   49650   107.127 
   49700   103.356 
   49750   103.459 
   49800   101.145 
   49850    99.207 
   49900   104.394 
   49950   107.962 
   50000   106.303 
   50050   104.092 
   50100   101.227 
   50150   100.204 
   50200   101.138 
   50250   105.756 
   50300    98.686 
   50350   106.154 
   50400   108.239 
   50450   103.328 
   50500   101.757 
   50550   109.340 
   50600   108.068 
   50650    99.653 
   50700   106.728 
   50750   106.477 
   50800   101.533 
   50850   104.239 
   50900   105.244 
   50950   105.366 
   51000   104.809 
   51050   102.744 
   51100   103.498 
   51150   103.782 
   51200   100.963 
   51250   106.260 
   51300   105.530 
   51350   101.061 
   51400   102.553 
   51450   105.028 
   51500   103.239 
   51550   103.785 
   51600   104.227 
   51650    98.811 
   51700   105.876 
   51750   103.437 
   51800   109.298 
   51850   100.981 
   51900   102.037 
   51950   101.046 
   52000   103.036 
   52050   102.781 
   52100   101.447 
   52150   101.946 
   52200   105.149 
   52250   104.805 
   52300   101.016 
   52350   103.835 
   52400   100.996 
   52450   105.956 
   52500   106.353 
   52550   106.524 
   52600   102.833 
   52650   104.407 
   52700   104.024 
   52750   100.346 
   52800   104.475 
   52850   107.343 
   52900   105.527 
   52950    99.903 
   53000   103.974 
   53050   104.833 
   53100   101.111 
   53150   109.147 
   53200   105.947 
   53250   103.042 
   53300    98.750 
   53350   107.067 
   53400   105.392 
   53450   103.586 
   53500   106.383 
   53550   103.658 
   53600   103.865 
   53650   103.614 
   53700   109.623 
   53750   104.870 
   53800   101.746 
   53850   104.572 
   53900   104.191 
   53950   104.033 
   54000   105.630 
   54050   109.045 
   54100   100.705 
   54150   105.619 
   54200   103.506 
   54250   102.001 
   54300   108.097 
   54350   105.678 
   54400   102.435 
   54450   108.027 
   54500   106.166 
   54550    98.949 
   54600   103.927 
   54650   106.368 
   54700   101.765 
   54750   106.685 
   54800   105.400 
   54850    99.028 
   54900   104.756 
   54950   101.559 
   55000   108.782 
   55050   108.348 
   55100   104.755 
   55150   102.782 
   55200   108.699 
   55250   103.002 
   55300   105.835 
   55350   106.452 
   55400   105.694 
   55450   106.224 
   55500   104.127 
   55550   103.724 
   55600   107.121 
   55650   101.934 
   55700   103.320 
   55750   102.617 
   55800   100.690 
   55850   102.513 
   55900   106.089 
   55950   101.379 
   56000   104.377 
   56050   107.157 
   56100   101.625 
   56150   102.530 
   56200   107.663 
   56250   103.172 
   56300   107.812 
   56350   103.578 
   56400   102.147 
   56450   107.201 
   56500   103.917 
   56550   103.766 
   56600   104.064 
   56650   101.565 
   56700   101.054 
   56750   104.990 
   56800   105.480 
   56850   102.638 
   56900   107.091 
   56950   101.863 
   57000   103.586 
   57050   106.333 
   57100   102.045 
   57150   104.811 
   57200   105.201 
   57250   100.445 
   57300   108.173 
   57350   101.013 
   57400   107.002 
   57450   105.999 
   57500   101.631 
   57550   107.301 
   57600   105.781 
   57650    98.096 
   57700   104.575 
   57750   100.882 
   57800   104.398 
   57850   105.976 
   57900   102.722 
   57950   109.055 
   58000   105.585 
   58050   103.145 
   58100   105.497 
   58150   103.096 
   58200   102.405 
   58250   101.087 
   58300   100.566 
   58350   104.090 
   58400   101.192 
   58450   102.949 
   58500   104.936 
   58550   102.643 
   58600    98.487 
   58650   104.555 
   58700   105.351 
   58750   105.421 
   58800   103.510 
   58850   103.478 
   58900   105.999 
   58950   102.304 
   59000   102.917 
   59050   105.548 
   59100    98.996 
   59150   103.147 
   59200   106.186 
   59250   102.817 
   59300   108.538 
   59350   106.557 
   59400   105.650 
   59450   105.124 
   59500   103.649 
   59550   102.001 
   59600   104.284 
   59650   106.358 
   59700   103.574 
   59750   103.747 
   59800   104.796 
   59850   106.798 
   59900   106.974 
   59950   106.308 
   60000   102.272 
   60050   104.350 
   60100   102.316 
   60150   108.655 
   60200   106.136 
   60250   105.333 
   60300   104.415 
   60350   105.768 
   60400   105.649 
   60450   104.350 
   60500   100.537 
   60550   101.986 
   60600   106.553 
   60650   104.296 
   60700   105.467 
   60750   105.660 
   60800    99.815 
   60850    98.669 
   60900    97.779 
   60950   105.187 
   61000   106.558 
   61050   104.591 
   61100   101.709 
   61150   106.715 
   61200   102.662 
   61250   102.577 
   61300   103.611 
   61350   103.323 
   61400   102.829 
   61450   109.793 
   61500   106.741 
   61550   104.361 
   61600   106.532 
   61650    99.967 
   61700   103.827 
   61750   107.432 
   61800   105.275 
   61850   109.034 
   61900   105.724 
   61950   105.982 
   62000   100.826 
   62050   104.293 
   62100   105.008 
   62150   101.709 
   62200   106.426 
   62250   106.140 
   62300   102.199 
   62350   105.584 
   62400   104.837 
   62450   100.137 
   62500   104.693 
   62550   107.340 
   62600   107.725 
   62650   108.290 
   62700   103.493 
   62750   100.023 
   62800   101.152 
   62850   102.846 
   62900   103.371 
   62950   105.763 
   63000   105.905 
   63050   103.438 
   63100   103.200 
   63150   101.023 
   63200   103.916 
   63250   102.584 
   63300   103.018 
   63350   104.761 
   63400   106.655 
   63450   104.037 
   63500   101.090 
   63550   105.349 
   63600   100.587 
   63650   101.847 
   63700   107.936 
   63750   103.022 
   63800   104.708 
   63850   105.815 
   63900   101.005 
   63950   101.216 
   64000   104.456 
   64050   104.365 
   64100   106.426 
   64150   106.920 
   64200   106.685 
   64250   102.425 
   64300   105.836 
   64350   106.136 
   64400   105.739 
   64450   105.260 
   64500   102.166 
   64550   103.772 
   64600   104.399 
   64650   103.140 
   64700   106.018 
   64750   106.975 
   64800   103.169 
   64850   102.454 
   64900   103.456 
   64950   105.281 
   65000   100.490 
   65050   106.411 
   65100   102.904 
   65150   101.584 
   65200   103.217 
   65250   104.452 
   65300   103.593 
   65350   104.804 
   65400   106.826 
   65450   104.214 
   65500   104.453 
   65550   106.876 
   65600   103.905 
   65650   100.976 
   65700   106.534 
   65750   105.491 
   65800   101.450 
   65850   105.856 
   65900   103.317 
   65950   106.566 
   66000   103.869 
   66050   106.481 
   66100   106.009 
   66150   104.057 
   66200   104.251 
   66250   104.077 
   66300   106.046 
   66350   104.870 
   66400   106.283 
   66450   102.008 
   66500   105.084 
   66550   101.471 
   66600   103.602 
   66650   108.669 
   66700   101.097 
   66750   106.481 
   66800   104.212 
   66850    99.252 
   66900   101.634 
   66950   107.170 
   67000   101.069 
   67050   105.534 
   67100   107.312 
   67150   104.943 
   67200   104.556 
   67250   104.418 
   67300   104.397 
   67350   101.018 
   67400   105.276 
   67450   103.161 
   67500   106.621 
   67550   105.543 
   67600   109.342 
   67650   100.067 
   67700    98.983 
   67750   104.150 
   67800   103.431 
   67850   103.698 
   67900   107.595 
   67950   106.251 
   68000   100.894 
   68050   101.014 
   68100   107.258 
   68150   104.104 
   68200   104.236 
   68250   109.072 
   68300   106.115 
   68350   102.151 
   68400   102.818 
   68450   102.468 
   68500   107.342 
   68550   105.514 
   68600   104.245 
   68650   105.544 
   68700   104.299 
   68750   103.879 
   68800   101.067 
   68850   106.411 
   68900   104.630 
   68950   107.122 
   69000   103.964 
   69050   105.318 
   69100   102.819 
   69150    99.897 
   69200   103.070 
   69250   107.079 
   69300   103.078 
   69350   105.290 
   69400   109.490 
   69450   103.813 
   69500   101.934 
   69550   101.352 
   69600   103.501 
   69650    98.285 
   69700   100.607 
   69750   102.275 
   69800   103.130 
   69850   100.543 
   69900    99.471 
   69950   100.180 
   70000   101.008 
   70050   101.980 
   70100   105.377 
   70150   105.163 
   70200   103.241 
   70250   102.060 
   70300   102.602 
   70350   102.711 
   70400   102.263 
   70450   104.931 
   70500   107.054 
   70550   102.977 
   70600   106.636 
   70650   104.115 
   70700   103.885 
   70750   100.137 
   70800   105.409 
   70850   107.245 
   70900   101.200 
   70950   102.018 
   71000   101.507 
   71050   102.578 
   71100   102.496 
   71150   103.152 
   71200   106.069 
   71250   106.030 
   71300   105.744 
   71350   101.720 
   71400   101.763 
   71450   102.040 
   71500   104.557 
   71550   102.447 
   71600   104.361 
   71650   107.702 
   71700   103.454 
   71750    99.507 
   71800   103.860 
   71850   103.191 
   71900   103.362 
   71950   105.919 
   72000   103.960 
   72050   101.662 
   72100   104.132 
   72150   105.750 
   72200   105.715 
   72250   105.066 
   72300   104.218 
   72350   107.824 
   72400   104.404 
   72450   102.525 
   72500   102.236 
   72550   103.928 
   72600   101.368 
   72650   102.393 
   72700   106.429 
   72750   105.328 
   72800   103.073 
   72850   100.944 
   72900   106.344 
   72950   100.548 
   73000   103.255 
   73050   105.522 
   73100   104.269 
   73150   101.820 
   73200    99.997 
   73250   103.580 
   73300   102.159 
   73350   108.017 
   73400   109.358 
   73450   100.431 
   73500   102.128 
   73550   105.241 
   73600   103.711 
   73650   106.024 
   73700   104.357 
   73750   101.205 
   73800   105.352 
   73850   110.046 
   73900   103.046 
   73950   100.897 
   74000   105.268 
   74050   103.082 
   74100   104.258 
   74150   104.070 
   74200   104.825 
   74250   106.050 
   74300   104.683 
   74350   102.848 
   74400   103.742 
   74450   105.745 
   74500   102.548 
   74550   104.409 
   74600   106.021 
   74650   105.309 
   74700   105.559 
   74750   102.955 
   74800   105.105 
   74850   103.353 
   74900   106.449 
   74950   105.688 
   75000   107.234 
   75050   102.496 
   75100   106.366 
   75150   102.038 
   75200   103.016 
   75250    98.166 
   75300   105.409 
   75350   106.955 
   75400   101.455 
   75450   104.926 
   75500   105.931 
   75550   101.411 
   75600   103.037 
   75650   104.053 
   75700   104.983 
   75750   107.547 
   75800   107.932 
   75850   102.629 
   75900   100.658 
   75950   100.273 
   76000   105.721 
   76050   106.755 
   76100   101.541 
   76150   106.404 
   76200   104.200 
   76250   101.079 
   76300   102.331 
   76350   103.092 
   76400   102.967 
   76450   103.674 
   76500   102.575 
   76550   105.738 
   76600   101.755 
   76650   100.071 
   76700   102.250 
   76750   104.360 
   76800   104.489 
   76850   104.549 
   76900   104.463 
   76950   104.739 
   77000   103.335 
   77050   101.988 
   77100   100.088 
   77150   102.708 
   77200   105.819 
   77250   105.126 
   77300   104.984 
   77350   104.860 
   77400   104.318 
   77450    98.384 
   77500   104.509 
   77550   102.321 
   77600   103.866 
   77650   107.149 
   77700    99.853 
   77750   103.490 
   77800   103.367 
   77850   101.942 
   77900   102.039 
   77950   109.809 
   78000   102.877 
   78050   105.954 
   78100   104.632 
   78150   101.336 
   78200   104.329 
   78250   104.500 
   78300   104.181 
   78350   107.195 
   78400   106.207 
   78450   104.944 
   78500   100.526 
   78550   102.712 
   78600   104.143 
   78650   103.223 
   78700   103.875 
   78750   108.861 
   78800   106.250 
   78850    98.364 
   78900    99.116 
   78950   103.068 
   79000   105.915 
   79050   102.950 
   79100   101.109 
   79150   103.980 
   79200   101.449 
   79250   105.181 
   79300   104.991 
   79350   106.309 
   79400   103.730 
   79450   103.771 
   79500   101.602 
   79550   103.727 
   79600   106.132 
   79650   104.378 
   79700   104.108 
   79750   100.388 
   79800   105.584 
   79850   104.873 
   79900   104.279 
   79950   105.580 
   80000   101.691 
   80050   101.305 
   80100   100.042 
   80150   101.867 
   80200   104.308 
   80250   102.227 
   80300   109.233 
   80350   106.359 
   80400   102.771 
   80450   100.812 
   80500   100.438 
   80550   102.181 
   80600   103.995 
   80650   106.904 
   80700   103.001 
   80750   104.377 
   80800   101.802 
   80850   104.883 
   80900   105.321 
   80950   100.525 
   81000   103.561 
   81050   106.752 
   81100   102.887 
   81150   102.528 
   81200   103.645 
   81250   104.599 
   81300   102.680 
   81350   105.401 
   81400   102.906 
   81450   101.378 
   81500   104.040 
   81550   102.304 
   81600   105.803 
   81650   108.836 
   81700   103.151 
   81750   102.064 
   81800   101.721 
   81850   106.229 
   81900   105.693 
   81950   103.223 
   82000   105.703 
   82050   103.244 
   82100   100.265 
   82150   105.236 
   82200   102.986 
   82250   101.779 
   82300   106.241 
   82350   104.566 
   82400   103.294 
   82450   106.508 
   82500   107.032 
   82550    99.004 
   82600   100.591 
   82650   106.170 
   82700   106.111 
   82750   104.920 
   82800   102.933 
   82850   103.099 
   82900   104.304 
   82950   102.929 
   83000   103.723 
   83050   105.774 
   83100   100.304 
   83150   102.760 
   83200   104.137 
   83250   102.563 
   83300   106.313 
   83350   106.288 
   83400   103.167 
   83450   104.186 
   83500   104.056 
   83550   106.356 
   83600   103.429 
   83650   103.261 
   83700   103.039 
   83750   104.095 
   83800   102.806 
   83850   105.576 
   83900   104.688 
   83950   103.650 
   84000   102.450 
   84050   106.589 
   84100   107.679 
   84150   105.227 
   84200   104.738 
   84250   104.694 
   84300   101.821 
   84350   104.933 
   84400   105.615 
   84450   105.146 
   84500   104.684 
   84550   102.363 
   84600   106.224 
   84650   105.368 
   84700   101.402 
   84750    99.991 
   84800   106.462 
   84850   108.608 
   84900   107.176 
   84950   101.701 
   85000   102.190 
   85050   105.728 
   85100   102.888 
   85150   103.185 
   85200   106.625 
   85250   106.407 
   85300   103.167 
   85350   101.358 
   85400   104.527 
   85450   106.427 
   85500   106.336 
   85550   105.718 
   85600   103.689 
   85650   105.497 
   85700   105.094 
   85750   103.534 
   85800   106.152 
   85850   103.924 
   85900   103.466 
   85950   101.416 
   86000   105.029 
   86050   101.515 
   86100   105.334 
   86150   104.947 
   86200   102.822 
   86250   106.431 
   86300   102.904 
   86350   101.387 
   86400   100.451 
   86450   102.468 
   86500   101.757 
   86550   106.499 
   86600   103.901 
   86650   100.996 
   86700   105.328 
   86750   101.854 
   86800   103.098 
   86850   102.538 
   86900   101.544 
   86950   104.026 
   87000   104.096 
   87050    99.581 
   87100   102.602 
   87150   105.310 
   87200    98.923 
   87250   101.751 
   87300   106.125 
   87350   100.187 
   87400   102.034 
   87450   106.503 
   87500    98.374 
   87550   102.725 
   87600   103.548 
   87650    99.845 
   87700   105.599 
   87750   106.187 
   87800    99.929 
   87850   104.628 
   87900   106.251 
   87950   100.257 
   88000   104.382 
   88050   108.918 
   88100   105.496 
   88150    99.972 
   88200   106.622 
   88250   102.072 
   88300   103.553 
   88350   108.241 
   88400   101.560 
   88450   105.959 
   88500   107.106 
   88550   104.969 
   88600   101.212 
   88650   104.730 
   88700   105.422 
   88750   105.855 
   88800   103.043 
   88850   103.844 
   88900   104.295 
   88950   102.050 
   89000   102.619 
   89050   103.048 
   89100   109.961 
   89150   104.654 
   89200    99.892 
   89250   105.763 
   89300   105.745 
   89350   104.289 
   89400   106.163 
   89450   103.524 
   89500   100.379 
   89550   103.241 
   89600   107.792 
   89650   100.341 
   89700   106.341 
   89750   104.381 
   89800    99.670 
   89850   102.883 
   89900   107.266 
   89950   104.149 
   90000   104.911 
   90050   103.012 
   90100   101.849 
   90150   103.897 
   90200   106.867 
   90250   106.919 
   90300   103.014 
   90350   104.278 
   90400   102.807 
   90450   103.855 
   90500   105.693 
   90550   101.522 
   90600   103.267 
   90650   105.709 
   90700   103.707 
   90750    98.629 
   90800   103.168 
   90850   103.011 
   90900   105.566 
   90950   105.719 
   91000   103.009 
   91050   105.905 
   91100   100.221 
   91150   100.182 
   91200   100.034 
   91250   104.056 
   91300   101.112 
   91350   107.038 
   91400   100.797 
   91450   105.584 
   91500   100.569 
   91550   102.009 
   91600   105.402 
   91650   105.780 
   91700   105.520 
   91750   104.703 
   91800   106.020 
   91850   102.212 
   91900   101.285 
   91950   102.724 
   92000   102.148 
   92050   104.495 
   92100   102.384 
   92150   106.504 
   92200   106.974 
   92250   102.706 
   92300   103.002 
   92350   105.213 
   92400   105.227 
   92450   104.047 
   92500   103.000 
   92550   104.731 
   92600   104.320 
   92650   103.184 
   92700   102.510 
   92750   101.342 
   92800   102.027 
   92850   103.928 
   92900   102.777 
   92950   101.882 
   93000   106.062 
   93050   103.717 
   93100   103.211 
   93150   101.094 
   93200   106.226 
   93250   101.681 
   93300   103.498 
   93350   100.962 
   93400   102.929 
   93450   100.889 
   93500   105.180 
   93550   105.137 
   93600   105.252 
   93650   103.741 
   93700   102.627 
   93750   101.196 
   93800   103.903 
   93850   104.613 
   93900   103.872 
   93950   102.856 
   94000   104.348 
   94050   104.138 
   94100   102.549 
   94150   104.005 
   94200   106.122 
   94250   100.365 
   94300   103.151 
   94350   104.363 
   94400   103.338 
   94450   105.490 
   94500   107.554 
   94550    98.697 
   94600   100.641 
   94650   103.052 
   94700   105.147 
   94750   108.318 
   94800   104.107 
   94850   103.903 
   94900   102.927 
   94950   100.078 
   95000   102.235 
   95050   105.785 
   95100   104.302 
   95150   104.441 
   95200   105.414 
   95250   103.497 
   95300   101.618 
   95350   101.944 
   95400   101.414 
   95450   102.093 
   95500   107.096 
   95550   107.993 
   95600   103.624 
   95650   102.343 
   95700   102.011 
   95750   103.776 
   95800   107.755 
   95850   105.170 
   95900   104.368 
   95950   105.423 
   96000   106.110 
   96050   103.721 
   96100   106.209 
   96150   106.828 
   96200   103.608 
   96250   102.179 
   96300   103.204 
   96350   108.465 
   96400   105.593 
   96450   101.537 
   96500   102.981 
   96550    99.556 
   96600   102.458 
   96650   102.867 
   96700   108.830 
   96750   107.929 
   96800   102.166 
   96850   103.136 
   96900   103.366 
   96950   102.137 
   97000   105.836 
   97050   106.647 
   97100   107.968 
   97150   103.899 
   97200   101.490 
   97250   107.992 
   97300   101.946 
   97350   101.475 
   97400   106.049 
   97450   105.544 
   97500   104.371 
   97550   109.109 
   97600   103.180 
   97650    99.596 
   97700   103.536 
   97750   103.597 
   97800   101.664 
   97850   109.840 
   97900   106.256 
   97950   103.673 
   98000   105.345 
   98050   102.135 
   98100   103.511 
   98150   103.482 
   98200   101.473 
   98250   103.993 
   98300   106.499 
   98350   105.265 
   98400   104.075 
   98450   102.031 
   98500   101.843 
   98550   101.033 
   98600   103.721 
   98650   106.220 
   98700   103.858 
   98750   107.532 
   98800    99.402 
   98850   101.193 
   98900   103.236 
   98950   102.928 
   99000   107.373 
   99050   104.550 
   99100   104.083 
   99150   105.917 
   99200   106.124 
   99250   104.784 
   99300   100.719 
   99350   100.530 
   99400   103.384 
   99450   105.835 
   99500   108.460 
   99550   104.499 
   99600   105.872 
   99650   101.870 
   99700   105.549 
   99750   102.660 
   99800   102.643 
   99850   104.930 
   99900   104.672 
   99950   104.229 
