       0    89.649 
      50    84.955 
     100    90.071 
     150    87.658 
     200    88.586 
     250    87.919 
     300    91.289 
     350    87.798 
     400    85.848 
     450    89.078 
     500    92.017 
     550    87.760 
     600    89.761 
     650    84.929 
     700    89.918 
     750    91.990 
     800    89.324 
     850    87.362 
     900    91.488 
     950    90.543 
    1000    87.846 
    1050    91.191 
    1100    90.084 
    1150    86.565 
    1200    92.766 
    1250    90.939 
    1300    87.934 
    1350    90.813 
    1400    90.559 
    1450    88.088 
    1500    88.317 
    1550    87.774 
    1600    85.509 
    1650    87.537 
    1700    89.944 
    1750    91.866 
    1800    88.503 
    1850    85.996 
    1900    87.645 
    1950    90.759 
    2000    91.266 
    2050    88.009 
    2100    87.946 
    2150    94.888 
    2200    92.166 
    2250    85.218 
    2300    88.538 
    2350    89.731 
    2400    87.788 
    2450    91.465 
    2500    92.571 
    2550    88.172 
    2600    89.251 
    2650    93.312 
    2700    91.049 
    2750    85.613 
    2800    86.618 
    2850    89.122 
    2900    88.402 
    2950    87.501 
    3000    89.133 
    3050    91.553 
    3100    85.717 
    3150    86.728 
    3200    88.772 
    3250    85.256 
    3300    88.796 
    3350    90.960 
    3400    90.700 
    3450    93.288 
    3500    89.510 
    3550    89.704 
    3600    90.623 
    3650    88.183 
    3700    91.582 
    3750    89.679 
    3800    88.905 
    3850    89.397 
    3900    89.876 
    3950    91.061 
    4000    91.874 
    4050    86.992 
    4100    89.336 
    4150    87.573 
    4200    90.549 
    4250    90.748 
    4300    85.413 
    4350    90.990 
    4400    91.388 
    4450    88.802 
    4500    88.632 
    4550    89.681 
    4600    90.747 
    4650    91.276 
    4700    90.912 
    4750    91.895 
    4800    84.845 
    4850    90.446 
    4900    93.791 
    4950    85.988 
    5000    88.933 
    5050    89.901 
    5100    87.247 
    5150    86.703 
    5200    90.117 
    5250    88.185 
    5300    88.148 
    5350    88.468 
    5400    90.828 
    5450    87.913 
    5500    89.587 
    5550    87.730 
    5600    89.333 
    5650    86.246 
    5700    91.715 
    5750    88.413 
    5800    86.482 
    5850    90.367 
    5900    88.479 
    5950    86.871 
    6000    90.623 
    6050    91.909 
    6100    88.792 
    6150    88.914 
    6200    85.965 
    6250    90.637 
    6300    93.302 
    6350    88.227 
    6400    90.027 
    6450    89.833 
    6500    88.574 
    6550    88.824 
    6600    93.387 
    6650    89.960 
    6700    87.449 
    6750    89.448 
    6800    89.460 
    6850    83.038 
    6900    91.952 
    6950    89.110 
    7000    85.809 
    7050    89.176 
    7100    89.522 
    7150    89.113 
    7200    92.488 
    7250    89.799 
    7300    91.246 
    7350    91.887 
    7400    87.677 
    7450    87.717 
    7500    89.730 
    7550    89.331 
    7600    88.074 
    7650    92.764 
    7700    90.444 
    7750    87.429 
    7800    92.125 
    7850    90.742 
    7900    85.830 
    7950    93.212 
    8000    89.858 
    8050    84.490 
    8100    91.476 
    8150    86.702 
    8200    86.176 
    8250    88.227 
    8300    88.273 
    8350    88.364 
    8400    90.327 
    8450    90.201 
    8500    90.575 
    8550    88.960 
    8600    88.418 
    8650    89.943 
    8700    90.435 
    8750    91.317 
    8800    87.024 
    8850    87.934 
    8900    90.463 
    8950    87.638 
    9000    87.898 
    9050    92.790 
    9100    89.377 
    9150    85.615 
    9200    90.924 
    9250    94.032 
    9300    89.663 
    9350    85.832 
    9400    87.020 
    9450    88.819 
    9500    89.186 
    9550    89.239 
    9600    88.285 
    9650    90.213 
    9700    90.368 
    9750    90.528 
    9800    90.287 
    9850    89.045 
    9900    86.657 
    9950    86.976 
   10000    89.256 
   10050    89.574 
   10100    93.663 
   10150    87.782 
   10200    86.792 
   10250    94.765 
   10300    87.298 
   10350    84.319 
   10400    88.355 
   10450    86.253 
   10500    91.510 
   10550    89.237 
   10600    90.031 
   10650    85.340 
   10700    92.971 
   10750    93.210 
   10800    85.546 
   10850    87.902 
   10900    88.744 
   10950    83.866 
   11000    86.631 
   11050    91.828 
   11100    85.675 
   11150    86.693 
   11200    89.801 
   11250    84.192 
   11300    90.878 
   11350    89.973 
   11400    89.907 
   11450    90.465 
   11500    93.827 
   11550    89.279 
   11600    87.969 
   11650    87.732 
   11700    86.758 
   11750    84.873 
   11800    89.337 
   11850    90.670 
   11900    90.460 
   11950    91.191 
   12000    85.669 
   12050    92.717 
   12100    89.572 
   12150    84.575 
   12200    87.756 
   12250    91.176 
   12300    88.779 
   12350    87.249 
   12400    90.266 
   12450    89.934 
   12500    86.659 
   12550    88.395 
   12600    90.052 
   12650    88.887 
   12700    89.684 
   12750    90.572 
   12800    91.059 
   12850    85.602 
   12900    89.104 
   12950    88.617 
   13000    86.699 
   13050    90.155 
   13100    86.137 
   13150    87.028 
   13200    89.186 
   13250    86.775 
   13300    90.106 
   13350    91.286 
   13400    86.641 
   13450    86.900 
   13500    87.709 
   13550    90.475 
   13600    91.457 
   13650    89.969 
   13700    89.242 
   13750    91.099 
   13800    90.241 
   13850    87.829 
   13900    90.007 
   13950    90.103 
   14000    87.003 
   14050    90.984 
   14100    91.199 
   14150    85.956 
   14200    89.690 
   14250    90.377 
   14300    85.696 
   14350    88.544 
   14400    91.259 
   14450    90.479 
   14500    86.727 
   14550    91.744 
   14600    84.860 
   14650    86.813 
   14700    86.452 
   14750    87.747 
   14800    91.602 
   14850    89.155 
   14900    85.903 
   14950    87.103 
   15000    84.125 
   15050    86.010 
   15100    91.229 
   15150    87.999 
   15200    84.844 
   15250    90.183 
   15300    93.216 
   15350    90.552 
   15400    89.927 
   15450    92.770 
   15500    87.048 
   15550    89.619 
   15600    92.195 
   15650    89.248 
   15700    87.261 
   15750    90.703 
   15800    88.753 
   15850    87.669 
   15900    93.224 
   15950    92.793 
   16000    89.084 
   16050    90.318 
   16100    88.728 
   16150    88.606 
   16200    91.155 
   16250    87.745 
   16300    88.285 
   16350    90.614 
   16400    87.223 
   16450    90.546 
   16500    92.972 
   16550    88.993 
   16600    85.421 
   16650    89.280 
   16700    90.159 
   16750    84.503 
   16800    91.494 
   16850    90.694 
   16900    85.824 
   16950    88.734 
   17000    88.696 
   17050    85.642 
   17100    88.701 
   17150    90.634 
   17200    89.313 
   17250    86.051 
   17300    91.104 
   17350    89.133 
   17400    86.742 
   17450    89.376 
   17500    87.946 
   17550    87.752 
   17600    89.941 
   17650    89.826 
   17700    87.799 
   17750    88.748 
   17800    87.549 
   17850    87.410 
   17900    89.490 
   17950    89.786 
   18000    90.032 
   18050    90.300 
   18100    87.131 
   18150    91.897 
   18200    92.273 
   18250    86.129 
   18300    91.168 
   18350    91.106 
   18400    85.396 
   18450    91.449 
   18500    89.531 
   18550    87.269 
   18600    91.924 
   18650    89.859 
   18700    92.041 
   18750    90.057 
   18800    85.731 
   18850    90.909 
   18900    90.230 
   18950    86.882 
   19000    92.508 
   19050    90.709 
   19100    87.116 
   19150    88.294 
   19200    90.545 
   19250    87.145 
   19300    88.657 
   19350    93.042 
   19400    87.322 
   19450    90.970 
   19500    93.743 
   19550    88.835 
   19600    88.472 
   19650    87.854 
   19700    89.181 
   19750    86.097 
   19800    93.692 
   19850    91.827 
   19900    91.193 
   19950    89.991 
   20000    90.100 
   20050    86.658 
   20100    87.932 
   20150    91.382 
   20200    90.746 
   20250    88.872 
   20300    89.786 
   20350    89.174 
   20400    88.080 
   20450    88.087 
   20500    82.620 
   20550    89.790 
   20600    90.176 
   20650    90.054 
   20700    89.219 
   20750    90.386 
   20800    89.753 
   20850    87.055 
   20900    89.205 
   20950    88.737 
   21000    88.871 
   21050    91.002 
   21100    90.626 
   21150    90.353 
   21200    91.506 
   21250    84.155 
   21300    92.224 
   21350    86.638 
   21400    91.045 
   21450    87.062 
   21500    89.769 
   21550    88.605 
   21600    89.350 
   21650    88.228 
   21700    88.606 
   21750    86.400 
   21800    88.425 
   21850    85.713 
   21900    89.850 
   21950    89.651 
   22000    87.576 
   22050    90.257 
   22100    86.577 
   22150    89.704 
   22200    89.039 
   22250    90.409 
   22300    88.615 
   22350    89.841 
   22400    90.219 
   22450    89.624 
   22500    92.013 
   22550    89.993 
   22600    87.118 
   22650    88.597 
   22700    87.903 
   22750    86.926 
   22800    86.339 
   22850    91.164 
   22900    89.075 
   22950    90.534 
   23000    83.888 
   23050    89.836 
   23100    91.876 
   23150    89.375 
   23200    85.522 
   23250    85.694 
   23300    88.458 
   23350    90.979 
   23400    89.588 
   23450    90.553 
   23500    89.001 
   23550    89.617 
   23600    86.928 
   23650    83.965 
   23700    88.348 
   23750    87.051 
   23800    89.000 
   23850    87.886 
   23900    92.536 
   23950    90.605 
   24000    86.509 
   24050    84.680 
   24100    91.519 
   24150    91.723 
   24200    86.099 
   24250    89.466 
   24300    90.941 
   24350    87.040 
   24400    91.077 
   24450    94.419 
   24500    87.219 
   24550    87.217 
   24600    88.501 
   24650    87.951 
   24700    86.948 
   24750    88.753 
   24800    88.639 
   24850    86.287 
   24900    88.141 
   24950    93.290 
   25000    89.549 
   25050    88.023 
   25100    84.872 
   25150    91.325 
   25200    87.893 
   25250    89.647 
   25300    89.973 
   25350    86.799 
   25400    85.280 
   25450    85.830 
   25500    93.542 
   25550    87.365 
   25600    89.030 
   25650    91.633 
   25700    88.066 
   25750    87.086 
   25800    91.005 
   25850    89.006 
   25900    89.554 
   25950    86.934 
   26000    86.925 
   26050    87.788 
   26100    90.336 
   26150    90.900 
   26200    85.319 
   26250    88.845 
   26300    84.553 
   26350    92.143 
   26400    88.983 
   26450    89.129 
   26500    91.531 
   26550    91.082 
   26600    85.268 
   26650    86.980 
   26700    87.949 
   26750    87.288 
   26800    91.763 
   26850    91.430 
   26900    86.483 
   26950    87.607 
   27000    91.554 
   27050    88.087 
   27100    86.224 
   27150    90.954 
   27200    87.089 
   27250    87.640 
   27300    87.204 
   27350    88.766 
   27400    88.846 
   27450    89.242 
   27500    89.386 
   27550    92.498 
   27600    91.518 
   27650    86.931 
   27700    87.509 
   27750    90.159 
   27800    86.992 
   27850    90.933 
   27900    87.500 
   27950    87.029 
   28000    93.477 
   28050    93.414 
   28100    85.414 
   28150    86.107 
   28200    91.912 
   28250    89.467 
   28300    85.416 
   28350    89.391 
   28400    88.812 
   28450    89.236 
   28500    90.087 
   28550    91.985 
   28600    90.127 
   28650    92.864 
   28700    89.248 
   28750    84.850 
   28800    86.998 
   28850    89.863 
   28900    91.564 
   28950    87.131 
   29000    89.672 
   29050    89.852 
   29100    89.026 
   29150    88.481 
   29200    91.020 
   29250    88.977 
   29300    91.575 
   29350    86.287 
   29400    86.990 
   29450    89.428 
   29500    88.146 
   29550    83.274 
   29600    89.805 
   29650    90.881 
   29700    87.440 
   29750    83.934 
   29800    88.450 
   29850    89.047 
   29900    87.209 
   29950    88.187 
   30000    89.244 
   30050    88.034 
   30100    89.229 
   30150    90.805 
   30200    90.963 
   30250    87.965 
   30300    86.772 
   30350    92.857 
   30400    90.634 
   30450    87.982 
   30500    89.186 
   30550    89.939 
   30600    88.371 
   30650    86.639 
   30700    88.899 
   30750    92.953 
   30800    87.369 
   30850    90.543 
   30900    87.689 
   30950    86.194 
   31000    87.278 
   31050    87.559 
   31100    91.074 
   31150    87.686 
   31200    88.586 
   31250    90.735 
   31300    91.740 
   31350    88.263 
   31400    89.634 
   31450    87.855 
   31500    89.141 
   31550    89.677 
   31600    86.797 
   31650    84.270 
   31700    87.871 
   31750    89.158 
   31800    88.117 
   31850    92.156 
   31900    94.968 
   31950    87.026 
   32000    90.584 
   32050    89.661 
   32100    89.195 
   32150    85.989 
   32200    89.457 
   32250    89.109 
   32300    86.157 
   32350    92.300 
   32400    91.159 
   32450    90.140 
   32500    88.410 
   32550    85.704 
   32600    90.165 
   32650    87.478 
   32700    85.460 
   32750    92.816 
   32800    90.910 
   32850    92.746 
   32900    88.507 
   32950    88.414 
   33000    87.252 
   33050    89.622 
   33100    84.971 
   33150    91.111 
   33200    89.248 
   33250    89.181 
   33300    90.954 
   33350    88.808 
   33400    87.626 
   33450    89.133 
   33500    91.733 
   33550    89.439 
   33600    91.373 
   33650    93.540 
   33700    89.941 
   33750    87.673 
   33800    89.102 
   33850    87.939 
   33900    86.745 
   33950    91.744 
   34000    89.055 
   34050    86.073 
   34100    90.021 
   34150    88.655 
   34200    91.549 
   34250    89.195 
   34300    90.483 
   34350    89.272 
   34400    90.974 
   34450    88.554 
   34500    84.807 
   34550    85.055 
   34600    87.607 
   34650    89.535 
   34700    93.414 
   34750    87.361 
   34800    85.187 
   34850    89.298 
   34900    91.428 
   34950    88.504 
   35000    86.114 
   35050    84.989 
   35100    89.067 
   35150    88.016 
   35200    90.954 
   35250    90.372 
   35300    89.781 
   35350    87.518 
   35400    89.148 
   35450    91.666 
   35500    88.858 
   35550    88.865 
   35600    91.536 
   35650    88.325 
   35700    91.445 
   35750    90.651 
   35800    87.210 
   35850    87.665 
   35900    85.982 
   35950    87.796 
   36000    85.366 
   36050    89.572 
   36100    86.642 
   36150    89.892 
   36200    92.744 
   36250    90.881 
   36300    87.794 
   36350    90.273 
   36400    89.783 
   36450    86.541 
   36500    86.168 
   36550    89.706 
   36600    89.520 
   36650    90.622 
   36700    87.848 
   36750    90.371 
   36800    89.059 
   36850    84.862 
   36900    86.226 
   36950    89.882 
   37000    87.605 
   37050    87.190 
   37100    90.516 
   37150    91.688 
   37200    85.391 
   37250    89.711 
   37300    89.406 
   37350    89.201 
   37400    85.563 
   37450    90.256 
   37500    88.787 
   37550    89.003 
   37600    91.277 
   37650    88.576 
   37700    89.265 
   37750    89.559 
   37800    86.379 
   37850    89.554 
   37900    90.561 
   37950    91.512 
   38000    87.662 
   38050    91.065 
   38100    90.650 
   38150    90.040 
   38200    88.666 
   38250    89.987 
   38300    89.197 
   38350    89.708 
   38400    89.228 
   38450    92.868 
   38500    87.826 
   38550    90.686 
   38600    88.085 
   38650    87.579 
   38700    88.641 
   38750    88.447 
   38800    90.471 
   38850    86.590 
   38900    88.877 
   38950    89.941 
   39000    91.127 
   39050    92.143 
   39100    86.189 
   39150    86.914 
   39200    87.039 
   39250    88.685 
   39300    86.473 
   39350    89.877 
   39400    86.972 
   39450    92.297 
   39500    85.378 
   39550    90.227 
   39600    91.112 
   39650    90.711 
   39700    87.555 
   39750    88.590 
   39800    87.976 
   39850    88.229 
   39900    87.939 
   39950    87.970 
   40000    83.215 
   40050    84.312 
   40100    87.782 
   40150    85.302 
   40200    83.890 
   40250    89.017 
   40300    93.256 
   40350    87.582 
   40400    83.324 
   40450    86.063 
   40500    91.258 
   40550    86.777 
   40600    83.788 
   40650    91.301 
   40700    89.848 
   40750    89.245 
   40800    93.508 
   40850    92.921 
   40900    87.491 
   40950    89.074 
   41000    87.203 
   41050    85.426 
   41100    87.026 
   41150    88.755 
   41200    87.283 
   41250    86.313 
   41300    91.555 
   41350    89.533 
   41400    92.657 
   41450    90.429 
   41500    88.494 
   41550    86.783 
   41600    85.558 
   41650    89.196 
   41700    82.156 
   41750    83.308 
   41800    87.390 
   41850    87.013 
   41900    91.784 
   41950    92.078 
   42000    88.661 
   42050    90.236 
   42100    87.900 
   42150    85.296 
   42200    88.386 
   42250    87.640 
   42300    85.080 
   42350    85.627 
   42400    83.624 
   42450    91.981 
   42500    88.350 
   42550    87.487 
   42600    89.254 
   42650    89.439 
   42700    91.240 
   42750    89.116 
   42800    89.712 
   42850    87.790 
   42900    84.622 
   42950    85.712 
   43000    90.347 
   43050    89.558 
   43100    91.343 
   43150    89.514 
   43200    90.250 
   43250    87.535 
   43300    92.783 
   43350    86.594 
   43400    86.335 
   43450    84.552 
   43500    85.520 
   43550    83.893 
   43600    89.213 
   43650    89.197 
   43700    89.802 
   43750    88.832 
   43800    90.217 
   43850    89.036 
   43900    90.411 
   43950    88.353 
   44000    88.546 
   44050    86.030 
   44100    83.673 
   44150    89.172 
   44200    88.312 
   44250    83.335 
   44300    88.541 
   44350    90.209 
   44400    88.188 
   44450    89.559 
   44500    85.732 
   44550    84.990 
   44600    88.408 
   44650    84.042 
   44700    90.732 
   44750    91.940 
   44800    89.790 
   44850    87.390 
   44900    87.089 
   44950    90.099 
   45000    92.059 
   45050    92.104 
   45100    90.463 
   45150    88.303 
   45200    85.196 
   45250    85.246 
   45300    86.825 
   45350    90.366 
   45400    86.119 
   45450    89.807 
   45500    91.149 
   45550    90.160 
   45600    89.666 
   45650    91.226 
   45700    88.293 
   45750    85.749 
   45800    88.869 
   45850    87.179 
   45900    90.239 
   45950    88.851 
   46000    86.882 
   46050    86.971 
   46100    91.760 
   46150    84.931 
   46200    86.966 
   46250    90.493 
   46300    85.809 
   46350    88.682 
   46400    88.426 
   46450    87.608 
   46500    92.341 
   46550    94.112 
   46600    88.381 
   46650    90.539 
   46700    90.441 
   46750    93.677 
   46800    89.707 
   46850    86.549 
   46900    86.511 
   46950    88.241 
   47000    91.538 
   47050    93.072 
   47100    91.064 
   47150    89.729 
   47200    88.991 
   47250    86.887 
   47300    89.243 
   47350    89.046 
   47400    87.094 
   47450    90.953 
   47500    89.334 
   47550    86.951 
   47600    88.750 
   47650    88.723 
   47700    89.286 
   47750    87.640 
   47800    89.319 
   47850    90.029 
   47900    87.909 
   47950    90.337 
   48000    91.759 
   48050    90.563 
   48100    89.173 
   48150    90.756 
   48200    91.301 
   48250    89.579 
   48300    88.893 
   48350    90.468 
   48400    86.960 
   48450    89.768 
   48500    89.138 
   48550    91.853 
   48600    87.204 
   48650    89.037 
   48700    89.553 
   48750    88.426 
   48800    91.140 
   48850    90.889 
   48900    88.066 
   48950    86.993 
   49000    91.274 
   49050    90.616 
   49100    86.795 
   49150    88.672 
   49200    90.351 
   49250    89.777 
   49300    88.586 
   49350    89.509 
   49400    88.739 
   49450    91.646 
   49500    86.418 
   49550    88.441 
   49600    88.321 
   49650    91.664 
   49700    87.996 
   49750    90.335 
   49800    90.116 
   49850    89.016 
   49900    87.141 
   49950    90.333 
   50000    88.736 
   50050    87.711 
   50100    86.988 
   50150    88.786 
   50200    93.125 
   50250    87.690 
   50300    90.862 
   50350    87.679 
   50400    88.478 
   50450    86.674 
   50500    89.389 
   50550    90.314 
   50600    88.016 
   50650    89.404 
   50700    86.613 
   50750    91.797 
   50800    89.467 
   50850    89.060 
   50900    88.549 
   50950    87.856 
   51000    88.794 
   51050    88.915 
   51100    90.259 
   51150    88.904 
   51200    87.286 
   51250    90.089 
   51300    90.108 
   51350    88.192 
   51400    85.284 
   51450    88.576 
   51500    90.878 
   51550    87.951 
   51600    85.827 
   51650    91.908 
   51700    85.503 
   51750    90.327 
   51800    85.311 
   51850    89.676 
   51900    89.671 
   51950    89.341 
   52000    92.361 
   52050    85.407 
   52100    88.033 
   52150    89.637 
   52200    87.022 
   52250    86.908 
   52300    90.633 
   52350    89.805 
   52400    89.033 
   52450    86.992 
   52500    88.780 
   52550    88.971 
   52600    86.626 
   52650    86.112 
   52700    86.468 
   52750    90.587 
   52800    89.625 
   52850    88.986 
   52900    87.670 
   52950    88.618 
   53000    94.184 
   53050    91.203 
   53100    89.917 
   53150    90.794 
   53200    86.862 
   53250    87.648 
   53300    87.847 
   53350    91.694 
   53400    87.993 
   53450    86.259 
   53500    91.389 
   53550    89.158 
   53600    90.833 
   53650    90.875 
   53700    87.710 
   53750    87.097 
   53800    87.184 
   53850    88.450 
   53900    87.493 
   53950    85.998 
   54000    89.861 
   54050    89.236 
   54100    88.485 
   54150    87.581 
   54200    81.409 
   54250    87.839 
   54300    90.600 
   54350    86.474 
   54400    91.407 
   54450    91.969 
   54500    88.820 
   54550    87.721 
   54600    91.597 
   54650    88.428 
   54700    85.754 
   54750    89.345 
   54800    91.812 
   54850    88.148 
   54900    90.096 
   54950    94.477 
   55000    89.271 
   55050    86.896 
   55100    88.309 
   55150    88.772 
   55200    87.709 
   55250    86.120 
   55300    92.518 
   55350    93.232 
   55400    89.259 
   55450    88.639 
   55500    87.596 
   55550    87.617 
   55600    85.964 
   55650    87.514 
   55700    89.498 
   55750    87.721 
   55800    91.133 
   55850    89.498 
   55900    88.829 
   55950    89.111 
   56000    85.209 
   56050    87.219 
   56100    86.397 
   56150    86.533 
   56200    88.516 
   56250    91.974 
   56300    89.162 
   56350    90.060 
   56400    87.184 
   56450    90.684 
   56500    88.414 
   56550    87.851 
   56600    89.024 
   56650    88.664 
   56700    91.389 
   56750    87.481 
   56800    92.199 
   56850    91.272 
   56900    88.320 
   56950    87.440 
   57000    89.783 
   57050    90.438 
   57100    90.450 
   57150    88.002 
   57200    89.916 
   57250    88.703 
   57300    90.832 
   57350    91.004 
   57400    88.725 
   57450    91.113 
   57500    89.172 
   57550    84.546 
   57600    91.302 
   57650    91.397 
   57700    88.903 
   57750    86.828 
   57800    89.824 
   57850    87.725 
   57900    88.147 
   57950    89.563 
   58000    92.307 
   58050    89.308 
   58100    87.185 
   58150    90.051 
   58200    88.860 
   58250    87.810 
   58300    86.938 
   58350    88.418 
   58400    85.239 
   58450    90.206 
   58500    91.524 
   58550    90.480 
   58600    87.641 
   58650    89.414 
   58700    88.204 
   58750    88.590 
   58800    87.409 
   58850    87.364 
   58900    82.739 
   58950    87.845 
   59000    91.174 
   59050    86.915 
   59100    88.549 
   59150    90.745 
   59200    90.253 
   59250    91.442 
   59300    84.250 
   59350    88.641 
   59400    86.789 
   59450    89.128 
   59500    88.201 
   59550    86.524 
   59600    92.717 
   59650    88.198 
   59700    86.188 
   59750    91.121 
   59800    89.021 
   59850    88.737 
   59900    87.944 
   59950    90.390 
   60000    89.566 
   60050    83.645 
   60100    92.053 
   60150    87.759 
   60200    88.127 
   60250    89.958 
   60300    85.117 
   60350    90.899 
   60400    88.506 
   60450    88.435 
   60500    89.181 
   60550    89.531 
   60600    89.894 
   60650    87.022 
   60700    87.986 
   60750    93.021 
   60800    86.936 
   60850    90.715 
   60900    88.347 
   60950    92.132 
   61000    90.344 
   61050    86.632 
   61100    85.268 
   61150    89.514 
   61200    88.265 
   61250    87.848 
   61300    88.826 
   61350    91.905 
   61400    87.668 
   61450    89.013 
   61500    91.109 
   61550    88.353 
   61600    91.338 
   61650    87.290 
   61700    88.044 
   61750    84.724 
   61800    94.884 
   61850    89.322 
   61900    84.347 
   61950    90.396 
   62000    94.055 
   62050    89.153 
   62100    87.442 
   62150    91.282 
   62200    89.643 
   62250    88.297 
   62300    90.158 
   62350    90.952 
   62400    89.636 
   62450    90.187 
   62500    90.253 
   62550    88.499 
   62600    92.894 
   62650    89.871 
   62700    86.127 
   62750    89.068 
   62800    87.578 
   62850    89.376 
   62900    90.451 
   62950    93.051 
   63000    91.815 
   63050    89.413 
   63100    87.480 
   63150    91.544 
   63200    88.839 
   63250    87.338 
   63300    88.229 
   63350    90.900 
   63400    90.987 
   63450    86.792 
   63500    88.796 
   63550    89.558 
   63600    92.285 
   63650    91.957 
   63700    86.866 
   63750    89.330 
   63800    92.521 
   63850    87.694 
   63900    89.666 
   63950    87.438 
   64000    89.543 
   64050    89.403 
   64100    92.691 
   64150    87.889 
   64200    90.782 
   64250    92.587 
   64300    88.530 
   64350    92.424 
   64400    91.952 
   64450    86.176 
   64500    88.379 
   64550    89.030 
   64600    89.048 
   64650    87.589 
   64700    90.199 
   64750    89.414 
   64800    87.224 
   64850    93.616 
   64900    91.093 
   64950    92.632 
   65000    88.304 
   65050    87.246 
   65100    87.694 
   65150    89.288 
   65200    84.529 
   65250    90.196 
   65300    93.479 
   65350    93.624 
   65400    86.027 
   65450    91.664 
   65500    91.750 
   65550    87.669 
   65600    88.433 
   65650    88.991 
   65700    92.058 
   65750    88.749 
   65800    88.258 
   65850    91.187 
   65900    88.418 
   65950    86.714 
   66000    88.620 
   66050    91.095 
   66100    90.754 
   66150    90.686 
   66200    93.439 
   66250    92.864 
   66300    87.424 
   66350    90.940 
   66400    91.790 
   66450    88.555 
   66500    87.524 
   66550    95.841 
   66600    88.161 
   66650    86.232 
   66700    91.814 
   66750    90.488 
   66800    86.258 
   66850    89.180 
   66900    93.419 
   66950    89.628 
   67000    87.349 
   67050    85.921 
   67100    91.574 
   67150    86.575 
   67200    86.267 
   67250    91.006 
   67300    95.128 
   67350    85.828 
   67400    88.676 
   67450    91.050 
   67500    92.564 
   67550    87.265 
   67600    90.742 
   67650    91.012 
   67700    87.736 
   67750    84.938 
   67800    88.940 
   67850    89.649 
   67900    88.953 
   67950    88.799 
   68000    90.579 
   68050    90.332 
   68100    89.388 
   68150    89.601 
   68200    91.207 
   68250    86.347 
   68300    92.474 
   68350    89.685 
   68400    89.100 
   68450    90.729 
   68500    86.542 
   68550    87.883 
   68600    91.547 
   68650    93.102 
   68700    91.644 
   68750    85.151 
   68800    91.733 
   68850    93.844 
   68900    91.015 
   68950    86.660 
   69000    86.639 
   69050    86.473 
   69100    87.802 
   69150    91.934 
   69200    95.190 
   69250    86.062 
   69300    86.601 
   69350    89.127 
   69400    90.045 
   69450    91.754 
   69500    90.251 
   69550    90.265 
   69600    88.226 
   69650    85.444 
   69700    90.178 
   69750    91.304 
   69800    92.828 
   69850    91.270 
   69900    90.073 
   69950    88.480 
   70000    90.824 
   70050    90.056 
   70100    87.272 
   70150    89.059 
   70200    89.727 
   70250    87.629 
   70300    91.269 
   70350    88.808 
   70400    89.376 
   70450    88.478 
   70500    89.143 
   70550    87.772 
   70600    90.420 
   70650    89.831 
   70700    91.147 
   70750    85.958 
   70800    89.397 
   70850    89.886 
   70900    89.468 
   70950    86.966 
   71000    91.043 
   71050    91.440 
   71100    91.910 
   71150    88.580 
   71200    84.020 
   71250    83.846 
   71300    88.814 
   71350    87.667 
   71400    87.528 
   71450    89.539 
   71500    87.683 
   71550    91.064 
   71600    91.895 
   71650    88.231 
   71700    85.519 
   71750    86.020 
   71800    86.083 
   71850    86.986 
   71900    87.821 
   71950    89.192 
   72000    88.370 
   72050    88.966 
   72100    85.413 
   72150    87.928 
   72200    89.310 
   72250    88.092 
   72300    89.133 
   72350    88.007 
   72400    89.280 
   72450    91.054 
   72500    89.926 
   72550    85.622 
   72600    88.436 
   72650    89.533 
   72700    93.643 
   72750    92.357 
   72800    89.607 
   72850    86.987 
   72900    88.620 
   72950    90.785 
   73000    88.538 
   73050    87.817 
   73100    90.451 
   73150    88.529 
   73200    87.904 
   73250    86.485 
   73300    90.528 
   73350    92.496 
   73400    85.521 
   73450    91.290 
   73500    87.270 
   73550    85.480 
   73600    89.760 
   73650    88.418 
   73700    85.460 
   73750    89.877 
   73800    89.831 
   73850    90.226 
   73900    91.022 
   73950    88.589 
   74000    86.408 
   74050    92.957 
   74100    88.733 
   74150    88.259 
   74200    89.079 
   74250    85.301 
   74300    89.627 
   74350    86.570 
   74400    89.337 
   74450    92.789 
   74500    92.209 
   74550    86.183 
   74600    87.804 
   74650    86.263 
   74700    86.733 
   74750    89.657 
   74800    93.463 
   74850    87.400 
   74900    87.164 
   74950    87.994 
   75000    91.083 
   75050    88.837 
   75100    89.725 
   75150    86.309 
   75200    86.660 
   75250    90.023 
   75300    91.118 
   75350    87.483 
   75400    91.280 
   75450    88.860 
   75500    87.333 
   75550    90.388 
   75600    95.164 
   75650    88.343 
   75700    85.047 
   75750    86.501 
   75800    91.180 
   75850    90.405 
   75900    88.945 
   75950    86.315 
   76000    88.370 
   76050    89.389 
   76100    86.764 
   76150    89.102 
   76200    89.855 
   76250    89.168 
   76300    90.888 
   76350    91.334 
   76400    91.202 
   76450    90.478 
   76500    88.427 
   76550    84.497 
   76600    85.053 
   76650    92.309 
   76700    89.617 
   76750    86.794 
   76800    91.173 
   76850    91.595 
   76900    86.782 
   76950    87.342 
   77000    90.442 
   77050    84.600 
   77100    88.146 
   77150    91.516 
   77200    89.023 
   77250    87.926 
   77300    90.659 
   77350    88.779 
   77400    90.958 
   77450    88.428 
   77500    90.415 
   77550    90.217 
   77600    89.753 
   77650    86.617 
   77700    89.023 
   77750    91.150 
   77800    88.697 
   77850    88.336 
   77900    87.599 
   77950    89.515 
   78000    89.015 
   78050    93.205 
   78100    84.972 
   78150    87.182 
   78200    89.504 
   78250    92.403 
   78300    87.439 
   78350    86.879 
   78400    91.312 
   78450    90.447 
   78500    89.527 
   78550    88.924 
   78600    91.720 
   78650    89.994 
   78700    85.333 
   78750    87.087 
   78800    92.069 
   78850    90.376 
   78900    87.436 
   78950    89.030 
   79000    89.116 
   79050    86.320 
   79100    90.612 
   79150    86.223 
   79200    88.062 
   79250    85.886 
   79300    87.160 
   79350    89.876 
   79400    87.929 
   79450    92.465 
   79500    90.488 
   79550    87.579 
   79600    86.494 
   79650    92.550 
   79700    92.243 
   79750    86.862 
   79800    85.983 
   79850    87.816 
   79900    86.158 
   79950    86.807 
   80000    88.202 
   80050    87.610 
   80100    89.716 
   80150    91.429 
   80200    95.007 
   80250    90.875 
   80300    89.831 
   80350    87.318 
   80400    88.426 
   80450    87.588 
   80500    88.835 
   80550    91.908 
   80600    89.312 
   80650    88.022 
   80700    89.177 
   80750    89.636 
   80800    87.390 
   80850    89.320 
   80900    85.630 
   80950    85.442 
   81000    88.051 
   81050    90.345 
   81100    89.925 
   81150    92.209 
   81200    92.645 
   81250    88.381 
   81300    86.140 
   81350    89.131 
   81400    85.923 
   81450    90.460 
   81500    90.450 
   81550    89.567 
   81600    88.752 
   81650    87.550 
   81700    88.630 
   81750    87.341 
   81800    88.680 
   81850    91.238 
   81900    89.529 
   81950    88.784 
   82000    89.903 
   82050    87.894 
   82100    90.742 
   82150    88.022 
   82200    86.784 
   82250    90.264 
   82300    87.508 
   82350    89.308 
   82400    89.241 
   82450    90.088 
   82500    86.154 
   82550    87.216 
   82600    87.583 
   82650    85.388 
   82700    86.389 
   82750    88.118 
   82800    89.594 
   82850    91.017 
   82900    85.956 
   82950    89.338 
   83000    88.777 
   83050    87.679 
   83100    91.762 
   83150    90.534 
   83200    85.895 
   83250    87.729 
   83300    90.253 
   83350    94.077 
   83400    88.693 
   83450    89.654 
   83500    89.066 
   83550    86.937 
   83600    90.522 
   83650    89.557 
   83700    88.902 
   83750    86.812 
   83800    87.731 
   83850    91.078 
   83900    89.139 
   83950    86.599 
   84000    87.059 
   84050    88.895 
   84100    86.921 
   84150    88.636 
   84200    92.385 
   84250    87.557 
   84300    83.645 
   84350    90.937 
   84400    86.290 
   84450    85.111 
   84500    91.134 
   84550    88.705 
   84600    86.139 
   84650    89.513 
   84700    88.695 
   84750    86.032 
   84800    86.248 
   84850    88.018 
   84900    88.059 
   84950    89.104 
   85000    88.382 
   85050    86.739 
   85100    90.346 
   85150    89.729 
   85200    87.510 
   85250    86.482 
   85300    90.067 
   85350    85.113 
   85400    87.003 
   85450    88.627 
   85500    86.895 
   85550    90.061 
   85600    90.262 
   85650    85.995 
   85700    90.653 
   85750    91.325 
   85800    86.592 
   85850    86.785 
   85900    91.039 
   85950    83.508 
   86000    87.692 
   86050    90.035 
   86100    88.443 
   86150    86.214 
   86200    92.136 
   86250    88.751 
   86300    91.599 
   86350    90.237 
   86400    91.074 
   86450    89.958 
   86500    89.363 
   86550    88.118 
   86600    88.138 
   86650    91.623 
   86700    89.523 
   86750    91.519 
   86800    88.294 
   86850    86.109 
   86900    90.682 
   86950    89.806 
   87000    87.827 
   87050    90.752 
   87100    86.932 
   87150    87.172 
   87200    90.633 
   87250    90.552 
   87300    90.717 
   87350    89.033 
   87400    90.621 
   87450    87.477 
   87500    91.282 
   87550    89.277 
   87600    88.656 
   87650    91.439 
   87700    92.519 
   87750    88.675 
   87800    88.322 
   87850    92.227 
   87900    88.277 
   87950    86.610 
   88000    89.421 
   88050    85.279 
   88100    85.772 
   88150    85.352 
   88200    89.971 
   88250    88.823 
   88300    87.543 
   88350    83.713 
   88400    89.048 
   88450    90.373 
   88500    90.377 
   88550    88.085 
   88600    90.575 
   88650    88.743 
   88700    87.950 
   88750    89.732 
   88800    88.688 
   88850    87.477 
   88900    84.579 
   88950    88.279 
   89000    91.448 
   89050    86.718 
   89100    88.189 
   89150    89.143 
   89200    86.842 
   89250    86.858 
   89300    84.806 
   89350    90.806 
   89400    92.691 
   89450    89.260 
   89500    87.362 
   89550    85.704 
   89600    90.596 
   89650    87.369 
   89700    85.088 
   89750    87.741 
   89800    85.412 
   89850    87.259 
   89900    87.956 
   89950    86.210 
   90000    92.149 
   90050    85.933 
   90100    90.823 
   90150    85.123 
   90200    85.346 
   90250    86.744 
   90300    89.107 
   90350    88.824 
   90400    85.523 
   90450    90.376 
   90500    89.722 
   90550    88.608 
   90600    91.737 
   90650    89.846 
   90700    85.491 
   90750    86.828 
   90800    87.669 
   90850    87.939 
   90900    84.001 
   90950    92.269 
   91000    84.865 
   91050    89.067 
   91100    94.956 
   91150    87.328 
   91200    88.884 
   91250    91.217 
   91300    87.247 
   91350    87.168 
   91400    86.286 
   91450    86.063 
   91500    89.792 
   91550    85.425 
   91600    88.294 
   91650    90.398 
   91700    89.346 
   91750    85.450 
   91800    89.172 
   91850    92.896 
   91900    87.526 
   91950    88.556 
   92000    91.020 
   92050    91.590 
   92100    86.644 
   92150    88.292 
   92200    88.269 
   92250    85.735 
   92300    86.884 
   92350    87.948 
   92400    86.715 
   92450    89.784 
   92500    88.317 
   92550    88.666 
   92600    86.905 
   92650    88.181 
   92700    88.673 
   92750    87.669 
   92800    85.452 
   92850    88.679 
   92900    88.593 
   92950    83.893 
   93000    86.957 
   93050    90.114 
   93100    89.339 
   93150    88.648 
   93200    89.831 
   93250    90.916 
   93300    89.652 
   93350    87.132 
   93400    87.392 
   93450    83.534 
   93500    89.989 
   93550    93.694 
   93600    89.734 
   93650    91.156 
   93700    87.438 
   93750    88.132 
   93800    88.866 
   93850    81.880 
   93900    90.988 
   93950    90.985 
   94000    86.594 
   94050    88.061 
   94100    89.467 
   94150    87.303 
   94200    89.555 
   94250    86.763 
   94300    91.009 
   94350    87.409 
   94400    87.173 
   94450    90.393 
   94500    88.845 
   94550    89.752 
   94600    86.098 
   94650    89.899 
   94700    88.672 
   94750    87.550 
   94800    89.256 
   94850    90.661 
   94900    87.447 
   94950    88.262 
   95000    94.313 
   95050    89.554 
   95100    91.179 
   95150    89.623 
   95200    86.176 
   95250    89.998 
   95300    89.747 
   95350    87.490 
   95400    88.679 
   95450    87.727 
   95500    89.637 
   95550    89.477 
   95600    87.446 
   95650    84.159 
   95700    92.945 
   95750    88.639 
   95800    89.244 
   95850    89.359 
   95900    84.051 
   95950    89.360 
   96000    88.060 
   96050    88.883 
   96100    92.319 
   96150    88.951 
   96200    91.285 
   96250    90.876 
   96300    89.212 
   96350    87.836 
   96400    89.315 
   96450    92.690 
   96500    92.462 
   96550    87.780 
   96600    88.846 
   96650    87.484 
   96700    88.312 
   96750    88.115 
   96800    90.449 
   96850    90.874 
   96900    90.001 
   96950    89.621 
   97000    92.119 
   97050    90.393 
   97100    88.273 
   97150    87.106 
   97200    88.458 
   97250    87.723 
   97300    91.380 
   97350    91.165 
   97400    88.045 
   97450    91.698 
   97500    89.904 
   97550    84.543 
   97600    87.596 
   97650    86.770 
   97700    88.935 
   97750    90.012 
   97800    85.101 
   97850    90.799 
   97900    88.980 
   97950    90.159 
   98000    90.364 
   98050    88.754 
   98100    86.559 
   98150    87.613 
   98200    87.172 
   98250    87.293 
   98300    92.034 
   98350    91.182 
   98400    91.525 
   98450    91.830 
   98500    89.141 
   98550    91.012 
   98600    90.983 
   98650    85.028 
   98700    87.371 
   98750    88.931 
   98800    89.872 
   98850    86.860 
   98900    87.120 
   98950    91.490 
   99000    86.930 
   99050    89.272 
   99100    90.985 
   99150    83.492 
   99200    88.809 
   99250    83.363 
   99300    85.702 
   99350    91.839 
   99400    87.081 
   99450    86.382 
   99500    91.368 
   99550    88.988 
   99600    89.534 
   99650    92.283 
   99700    87.848 
   99750    84.896 
   99800    92.123 
   99850    89.818 
   99900    87.552 
   99950    92.047 
