       0   141.530 
      50   138.577 
     100   139.525 
     150   138.064 
     200   137.830 
     250   140.338 
     300   138.605 
     350   136.654 
     400   138.572 
     450   142.957 
     500   140.300 
     550   139.659 
     600   140.815 
     650   138.116 
     700   137.618 
     750   140.515 
     800   141.535 
     850   140.030 
     900   137.177 
     950   136.668 
    1000   136.836 
    1050   143.159 
    1100   139.338 
    1150   137.582 
    1200   143.241 
    1250   136.601 
    1300   138.939 
    1350   141.411 
    1400   135.812 
    1450   141.728 
    1500   137.689 
    1550   139.776 
    1600   138.589 
    1650   136.604 
    1700   140.243 
    1750   143.049 
    1800   138.960 
    1850   137.680 
    1900   136.445 
    1950   138.009 
    2000   136.656 
    2050   135.515 
    2100   142.949 
    2150   140.104 
    2200   142.142 
    2250   140.315 
    2300   138.660 
    2350   139.068 
    2400   139.274 
    2450   143.864 
    2500   136.407 
    2550   139.343 
    2600   144.295 
    2650   137.102 
    2700   140.085 
    2750   141.325 
    2800   142.393 
    2850   138.847 
    2900   141.049 
    2950   138.668 
    3000   140.250 
    3050   138.944 
    3100   138.337 
    3150   139.749 
    3200   139.112 
    3250   139.066 
    3300   141.481 
    3350   138.885 
    3400   140.987 
    3450   135.285 
    3500   142.674 
    3550   136.995 
    3600   139.533 
    3650   142.334 
    3700   138.810 
    3750   138.520 
    3800   139.124 
    3850   141.389 
    3900   140.279 
    3950   139.349 
    4000   143.248 
    4050   139.920 
    4100   140.204 
    4150   138.933 
    4200   137.615 
    4250   141.530 
    4300   138.936 
    4350   141.299 
    4400   137.425 
    4450   139.404 
    4500   142.179 
    4550   140.169 
    4600   139.596 
    4650   136.842 
    4700   137.014 
    4750   143.923 
    4800   139.839 
    4850   136.649 
    4900   140.476 
    4950   138.544 
    5000   137.938 
    5050   138.964 
    5100   139.805 
    5150   140.481 
    5200   140.086 
    5250   139.737 
    5300   139.877 
    5350   140.187 
    5400   136.942 
    5450   141.523 
    5500   145.085 
    5550   138.440 
    5600   138.910 
    5650   136.347 
    5700   138.165 
    5750   136.565 
    5800   138.091 
    5850   141.427 
    5900   139.329 
    5950   139.330 
    6000   140.385 
    6050   140.858 
    6100   140.451 
    6150   141.863 
    6200   139.068 
    6250   142.554 
    6300   139.817 
    6350   136.052 
    6400   141.351 
    6450   138.015 
    6500   139.185 
    6550   140.509 
    6600   139.350 
    6650   140.165 
    6700   137.532 
    6750   139.754 
    6800   138.372 
    6850   137.209 
    6900   142.938 
    6950   139.069 
    7000   138.338 
    7050   139.651 
    7100   138.465 
    7150   141.575 
    7200   139.219 
    7250   140.309 
    7300   143.492 
    7350   138.540 
    7400   139.776 
    7450   139.749 
    7500   145.035 
    7550   142.282 
    7600   138.810 
    7650   139.284 
    7700   140.809 
    7750   131.376 
    7800   140.048 
    7850   140.311 
    7900   141.136 
    7950   136.884 
    8000   136.133 
    8050   142.893 
    8100   140.717 
    8150   138.640 
    8200   142.732 
    8250   141.118 
    8300   141.300 
    8350   135.246 
    8400   140.774 
    8450   140.496 
    8500   141.250 
    8550   137.639 
    8600   140.804 
    8650   140.269 
    8700   139.289 
    8750   140.100 
    8800   138.510 
    8850   138.092 
    8900   139.074 
    8950   137.867 
    9000   145.061 
    9050   137.855 
    9100   141.537 
    9150   139.271 
    9200   141.916 
    9250   140.640 
    9300   139.809 
    9350   140.990 
    9400   140.157 
    9450   138.651 
    9500   142.247 
    9550   139.196 
    9600   138.252 
    9650   137.792 
    9700   140.745 
    9750   140.658 
    9800   141.554 
    9850   138.473 
    9900   137.453 
    9950   138.143 
   10000   139.875 
   10050   141.544 
   10100   139.477 
   10150   138.597 
   10200   140.802 
   10250   140.216 
   10300   138.520 
   10350   138.717 
   10400   138.879 
   10450   141.813 
   10500   136.100 
   10550   138.753 
   10600   136.605 
   10650   142.207 
   10700   142.987 
   10750   137.091 
   10800   139.575 
   10850   137.278 
   10900   138.876 
   10950   143.653 
   11000   137.676 
   11050   138.975 
   11100   137.844 
   11150   140.050 
   11200   144.518 
   11250   137.297 
   11300   138.795 
   11350   138.980 
   11400   140.687 
   11450   143.726 
   11500   135.383 
   11550   138.088 
   11600   136.932 
   11650   138.843 
   11700   142.356 
   11750   138.890 
   11800   136.724 
   11850   136.873 
   11900   139.694 
   11950   138.576 
   12000   136.623 
   12050   141.079 
   12100   141.785 
   12150   138.103 
   12200   141.887 
   12250   136.916 
   12300   140.743 
   12350   146.144 
   12400   136.128 
   12450   134.296 
   12500   139.264 
   12550   138.434 
   12600   140.815 
   12650   139.784 
   12700   138.796 
   12750   136.129 
   12800   138.204 
   12850   141.482 
   12900   133.891 
   12950   140.445 
   13000   139.130 
   13050   137.531 
   13100   140.781 
   13150   137.386 
   13200   140.464 
   13250   138.645 
   13300   139.567 
   13350   136.796 
   13400   139.383 
   13450   140.929 
   13500   138.416 
   13550   138.133 
   13600   137.889 
   13650   138.317 
   13700   139.600 
   13750   140.003 
   13800   138.433 
   13850   142.008 
   13900   140.575 
   13950   140.085 
   14000   136.816 
   14050   138.463 
   14100   139.378 
   14150   138.673 
   14200   141.586 
   14250   140.934 
   14300   139.492 
   14350   137.964 
   14400   136.251 
   14450   138.527 
   14500   137.452 
   14550   139.448 
   14600   142.145 
   14650   135.541 
   14700   137.372 
   14750   137.893 
   14800   143.739 
   14850   143.821 
   14900   141.486 
   14950   138.935 
   15000   138.418 
   15050   137.166 
   15100   142.110 
   15150   139.691 
   15200   139.203 
   15250   134.996 
   15300   138.046 
   15350   140.173 
   15400   138.414 
   15450   141.870 
   15500   136.273 
   15550   137.358 
   15600   145.847 
   15650   141.656 
   15700   141.269 
   15750   137.207 
   15800   136.655 
   15850   143.155 
   15900   138.705 
   15950   139.589 
   16000   139.650 
   16050   144.188 
   16100   145.146 
   16150   138.467 
   16200   135.465 
   16250   137.504 
   16300   141.859 
   16350   140.646 
   16400   143.113 
   16450   134.755 
   16500   135.227 
   16550   141.890 
   16600   142.386 
   16650   142.656 
   16700   137.277 
   16750   133.817 
   16800   141.936 
   16850   141.916 
   16900   138.373 
   16950   139.207 
   17000   139.852 
   17050   138.627 
   17100   139.891 
   17150   137.914 
   17200   137.923 
   17250   137.996 
   17300   142.870 
   17350   140.064 
   17400   137.858 
   17450   139.262 
   17500   138.414 
   17550   139.658 
   17600   140.995 
   17650   133.847 
   17700   138.409 
   17750   141.649 
   17800   140.007 
   17850   140.379 
   17900   135.460 
   17950   139.674 
   18000   140.303 
   18050   138.024 
   18100   142.179 
   18150   138.645 
   18200   137.241 
   18250   138.141 
   18300   140.534 
   18350   139.336 
   18400   141.308 
   18450   140.152 
   18500   139.649 
   18550   135.398 
   18600   140.614 
   18650   143.136 
   18700   137.235 
   18750   140.151 
   18800   137.965 
   18850   140.437 
   18900   138.204 
   18950   136.287 
   19000   141.812 
   19050   140.774 
   19100   139.364 
   19150   137.106 
   19200   135.940 
   19250   141.583 
   19300   140.777 
   19350   139.255 
   19400   136.611 
   19450   139.389 
   19500   139.886 
   19550   138.756 
   19600   137.481 
   19650   137.373 
   19700   136.708 
   19750   139.965 
   19800   139.071 
   19850   138.715 
   19900   137.647 
   19950   142.769 
   20000   137.655 
   20050   137.209 
   20100   138.536 
   20150   142.272 
   20200   139.326 
   20250   140.357 
   20300   136.616 
   20350   137.697 
   20400   138.318 
   20450   142.667 
   20500   137.461 
   20550   136.740 
   20600   142.737 
   20650   138.168 
   20700   141.580 
   20750   135.709 
   20800   136.903 
   20850   140.591 
   20900   137.407 
   20950   143.081 
   21000   136.963 
   21050   136.867 
   21100   143.856 
   21150   140.051 
   21200   139.896 
   21250   138.575 
   21300   139.408 
   21350   136.931 
   21400   137.774 
   21450   138.817 
   21500   138.649 
   21550   137.683 
   21600   139.779 
   21650   140.070 
   21700   136.583 
   21750   137.759 
   21800   143.028 
   21850   141.638 
   21900   136.902 
   21950   136.105 
   22000   138.654 
   22050   132.978 
   22100   141.470 
   22150   142.579 
   22200   138.155 
   22250   138.128 
   22300   137.833 
   22350   143.097 
   22400   135.865 
   22450   138.376 
   22500   137.922 
   22550   139.107 
   22600   139.736 
   22650   141.285 
   22700   140.633 
   22750   133.486 
   22800   141.380 
   22850   141.632 
   22900   138.525 
   22950   138.671 
   23000   133.940 
   23050   142.716 
   23100   144.419 
   23150   137.869 
   23200   133.741 
   23250   139.263 
   23300   140.067 
   23350   141.638 
   23400   142.767 
   23450   137.074 
   23500   138.364 
   23550   142.545 
   23600   139.078 
   23650   138.758 
   23700   138.990 
   23750   140.021 
   23800   136.156 
   23850   142.880 
   23900   139.589 
   23950   136.901 
   24000   141.154 
   24050   137.419 
   24100   137.458 
   24150   142.879 
   24200   141.242 
   24250   137.996 
   24300   139.474 
   24350   141.977 
   24400   138.785 
   24450   141.150 
   24500   141.104 
   24550   140.699 
   24600   137.027 
   24650   138.277 
   24700   140.576 
   24750   140.447 
   24800   138.942 
   24850   139.291 
   24900   138.736 
   24950   137.156 
   25000   138.331 
   25050   143.366 
   25100   136.563 
   25150   139.106 
   25200   140.974 
   25250   137.542 
   25300   139.712 
   25350   138.763 
   25400   137.821 
   25450   138.016 
   25500   140.735 
   25550   139.424 
   25600   138.679 
   25650   140.726 
   25700   138.951 
   25750   137.619 
   25800   138.272 
   25850   140.931 
   25900   139.934 
   25950   140.658 
   26000   140.001 
   26050   137.983 
   26100   138.521 
   26150   137.812 
   26200   136.004 
   26250   138.236 
   26300   140.533 
   26350   142.753 
   26400   137.247 
   26450   139.790 
   26500   137.926 
   26550   139.068 
   26600   139.806 
   26650   138.450 
   26700   142.842 
   26750   136.812 
   26800   141.109 
   26850   140.623 
   26900   135.083 
   26950   141.553 
   27000   137.437 
   27050   142.381 
   27100   138.317 
   27150   134.396 
   27200   139.279 
   27250   139.094 
   27300   139.910 
   27350   142.887 
   27400   141.304 
   27450   140.605 
   27500   136.654 
   27550   139.472 
   27600   138.057 
   27650   137.569 
   27700   143.113 
   27750   140.625 
   27800   136.021 
   27850   134.956 
   27900   139.483 
   27950   139.018 
   28000   137.550 
   28050   139.369 
   28100   134.407 
   28150   138.842 
   28200   142.263 
   28250   140.927 
   28300   136.158 
   28350   141.837 
   28400   140.728 
   28450   139.338 
   28500   136.615 
   28550   140.857 
   28600   140.502 
   28650   143.222 
   28700   137.966 
   28750   141.951 
   28800   142.486 
   28850   140.231 
   28900   139.696 
   28950   138.643 
   29000   140.299 
   29050   141.574 
   29100   142.271 
   29150   137.665 
   29200   140.169 
   29250   139.788 
   29300   139.270 
   29350   141.466 
   29400   139.622 
   29450   137.678 
   29500   145.456 
   29550   140.970 
   29600   139.902 
   29650   142.836 
   29700   139.203 
   29750   138.421 
   29800   138.850 
   29850   139.301 
   29900   140.520 
   29950   137.491 
   30000   140.497 
   30050   138.760 
   30100   136.097 
   30150   140.132 
   30200   140.702 
   30250   139.656 
   30300   138.500 
   30350   144.370 
   30400   138.088 
   30450   137.270 
   30500   143.658 
   30550   132.378 
   30600   140.283 
   30650   139.620 
   30700   138.857 
   30750   138.340 
   30800   135.604 
   30850   139.669 
   30900   140.765 
   30950   138.782 
   31000   139.001 
   31050   135.408 
   31100   141.900 
   31150   140.553 
   31200   138.712 
   31250   139.308 
   31300   137.627 
   31350   138.891 
   31400   137.668 
   31450   139.100 
   31500   143.199 
   31550   136.918 
   31600   134.255 
   31650   136.890 
   31700   141.350 
   31750   139.726 
   31800   136.682 
   31850   137.652 
   31900   135.898 
   31950   139.635 
   32000   141.369 
   32050   142.151 
   32100   136.401 
   32150   136.375 
   32200   142.356 
   32250   139.411 
   32300   136.865 
   32350   133.129 
   32400   140.752 
   32450   140.877 
   32500   140.734 
   32550   139.495 
   32600   137.147 
   32650   141.716 
   32700   142.017 
   32750   141.041 
   32800   134.576 
   32850   138.819 
   32900   140.267 
   32950   142.369 
   33000   141.428 
   33050   135.924 
   33100   140.667 
   33150   139.779 
   33200   142.125 
   33250   138.620 
   33300   136.324 
   33350   140.778 
   33400   139.669 
   33450   140.196 
   33500   137.583 
   33550   137.527 
   33600   140.217 
   33650   139.680 
   33700   140.804 
   33750   139.853 
   33800   140.170 
   33850   138.125 
   33900   138.521 
   33950   139.696 
   34000   138.202 
   34050   137.270 
   34100   135.727 
   34150   140.902 
   34200   140.346 
   34250   139.291 
   34300   135.417 
   34350   134.299 
   34400   141.871 
   34450   138.472 
   34500   139.403 
   34550   135.101 
   34600   137.041 
   34650   136.380 
   34700   139.741 
   34750   142.918 
   34800   137.134 
   34850   136.172 
   34900   139.866 
   34950   136.167 
   35000   144.450 
   35050   137.116 
   35100   138.291 
   35150   137.434 
   35200   138.600 
   35250   141.775 
   35300   138.983 
   35350   136.494 
   35400   140.729 
   35450   141.286 
   35500   141.176 
   35550   138.206 
   35600   137.694 
   35650   140.776 
   35700   137.254 
   35750   141.505 
   35800   139.864 
   35850   139.979 
   35900   138.077 
   35950   137.636 
   36000   141.761 
   36050   140.185 
   36100   136.545 
   36150   138.189 
   36200   139.078 
   36250   140.484 
   36300   141.298 
   36350   136.680 
   36400   138.224 
   36450   139.409 
   36500   138.383 
   36550   141.039 
   36600   139.726 
   36650   137.071 
   36700   138.486 
   36750   140.074 
   36800   136.612 
   36850   137.894 
   36900   139.769 
   36950   143.484 
   37000   139.516 
   37050   137.846 
   37100   138.340 
   37150   141.094 
   37200   139.656 
   37250   141.164 
   37300   138.598 
   37350   138.345 
   37400   139.579 
   37450   140.175 
   37500   141.900 
   37550   141.337 
   37600   142.725 
   37650   139.754 
   37700   140.047 
   37750   140.568 
   37800   137.842 
   37850   144.072 
   37900   139.292 
   37950   140.886 
   38000   139.084 
   38050   139.221 
   38100   142.339 
   38150   139.550 
   38200   142.842 
   38250   141.586 
   38300   136.744 
   38350   142.182 
   38400   142.469 
   38450   139.421 
   38500   140.763 
   38550   139.356 
   38600   141.216 
   38650   138.204 
   38700   137.393 
   38750   136.361 
   38800   138.201 
   38850   143.584 
   38900   139.595 
   38950   139.929 
   39000   139.641 
   39050   139.100 
   39100   139.386 
   39150   141.134 
   39200   143.787 
   39250   138.663 
   39300   141.158 
   39350   139.701 
   39400   144.687 
   39450   142.967 
   39500   140.526 
   39550   141.565 
   39600   137.928 
   39650   139.895 
   39700   141.091 
   39750   138.123 
   39800   142.955 
   39850   140.020 
   39900   138.574 
   39950   139.966 
   40000   137.959 
   40050   142.325 
   40100   141.253 
   40150   137.523 
   40200   138.639 
   40250   139.340 
   40300   140.587 
   40350   137.113 
   40400   140.595 
   40450   136.931 
   40500   135.921 
   40550   142.342 
   40600   141.962 
   40650   140.498 
   40700   138.097 
   40750   139.854 
   40800   137.719 
   40850   138.623 
   40900   139.689 
   40950   143.017 
   41000   141.070 
   41050   139.387 
   41100   136.419 
   41150   141.321 
   41200   142.782 
   41250   139.249 
   41300   142.042 
   41350   134.759 
   41400   139.078 
   41450   139.250 
   41500   138.017 
   41550   143.524 
   41600   136.370 
   41650   137.449 
   41700   140.223 
   41750   139.359 
   41800   143.518 
   41850   138.694 
   41900   133.928 
   41950   137.056 
   42000   140.497 
   42050   141.383 
   42100   137.901 
   42150   136.142 
   42200   140.834 
   42250   138.890 
   42300   140.262 
   42350   140.141 
   42400   135.805 
   42450   142.036 
   42500   141.814 
   42550   133.694 
   42600   137.613 
   42650   141.313 
   42700   141.622 
   42750   138.429 
   42800   135.370 
   42850   139.192 
   42900   141.376 
   42950   137.970 
   43000   138.216 
   43050   138.177 
   43100   140.865 
   43150   137.784 
   43200   140.819 
   43250   136.333 
   43300   135.575 
   43350   141.198 
   43400   141.065 
   43450   137.469 
   43500   138.351 
   43550   142.668 
   43600   140.654 
   43650   139.473 
   43700   137.524 
   43750   137.543 
   43800   142.164 
   43850   137.531 
   43900   136.203 
   43950   138.184 
   44000   139.493 
   44050   141.940 
   44100   138.830 
   44150   139.531 
   44200   140.248 
   44250   136.658 
   44300   140.978 
   44350   140.761 
   44400   138.436 
   44450   136.380 
   44500   137.933 
   44550   138.027 
   44600   137.619 
   44650   141.214 
   44700   140.783 
   44750   136.923 
   44800   138.925 
   44850   141.597 
   44900   142.583 
   44950   136.304 
   45000   138.475 
   45050   140.522 
   45100   138.873 
   45150   140.449 
   45200   137.406 
   45250   142.471 
   45300   136.905 
   45350   140.639 
   45400   139.559 
   45450   139.621 
   45500   138.425 
   45550   137.099 
   45600   138.186 
   45650   139.543 
   45700   140.792 
   45750   136.322 
   45800   137.631 
   45850   137.337 
   45900   137.222 
   45950   140.586 
   46000   138.380 
   46050   140.410 
   46100   136.923 
   46150   135.590 
   46200   142.244 
   46250   140.849 
   46300   135.822 
   46350   137.607 
   46400   138.553 
   46450   139.087 
   46500   142.742 
   46550   138.781 
   46600   140.786 
   46650   139.022 
   46700   139.094 
   46750   136.796 
   46800   135.718 
   46850   138.261 
   46900   139.433 
   46950   139.012 
   47000   142.180 
   47050   140.698 
   47100   137.813 
   47150   139.258 
   47200   135.268 
   47250   139.072 
   47300   140.473 
   47350   138.190 
   47400   136.777 
   47450   140.538 
   47500   140.064 
   47550   139.165 
   47600   137.999 
   47650   136.277 
   47700   140.407 
   47750   137.736 
   47800   143.307 
   47850   137.656 
   47900   136.882 
   47950   137.686 
   48000   140.756 
   48050   139.826 
   48100   138.548 
   48150   136.645 
   48200   139.728 
   48250   138.589 
   48300   136.993 
   48350   133.813 
   48400   138.528 
   48450   137.948 
   48500   137.329 
   48550   140.838 
   48600   139.929 
   48650   139.776 
   48700   139.734 
   48750   134.207 
   48800   140.159 
   48850   135.695 
   48900   144.165 
   48950   136.709 
   49000   134.590 
   49050   140.169 
   49100   135.319 
   49150   139.536 
   49200   137.097 
   49250   138.118 
   49300   136.241 
   49350   140.806 
   49400   137.735 
   49450   139.071 
   49500   139.811 
   49550   134.864 
   49600   137.859 
   49650   140.328 
   49700   139.780 
   49750   137.004 
   49800   136.029 
   49850   137.569 
   49900   138.557 
   49950   143.172 
   50000   137.096 
   50050   135.569 
   50100   140.290 
   50150   140.750 
   50200   140.559 
   50250   138.752 
   50300   140.563 
   50350   144.997 
   50400   140.437 
   50450   138.446 
   50500   137.939 
   50550   139.585 
   50600   136.731 
   50650   140.362 
   50700   140.185 
   50750   139.528 
   50800   141.861 
   50850   137.736 
   50900   140.884 
   50950   138.018 
   51000   139.762 
   51050   135.979 
   51100   136.570 
   51150   141.445 
   51200   140.515 
   51250   141.863 
   51300   138.794 
   51350   135.520 
   51400   141.811 
   51450   141.691 
   51500   141.809 
   51550   138.305 
   51600   141.401 
   51650   136.419 
   51700   140.617 
   51750   142.653 
   51800   134.329 
   51850   139.757 
   51900   140.668 
   51950   138.340 
   52000   140.378 
   52050   136.085 
   52100   142.569 
   52150   139.447 
   52200   138.535 
   52250   139.953 
   52300   137.657 
   52350   142.899 
   52400   136.574 
   52450   138.771 
   52500   140.811 
   52550   136.856 
   52600   142.462 
   52650   137.032 
   52700   139.213 
   52750   139.691 
   52800   140.501 
   52850   143.185 
   52900   137.849 
   52950   137.080 
   53000   140.112 
   53050   137.242 
   53100   138.782 
   53150   138.375 
   53200   137.835 
   53250   138.976 
   53300   142.028 
   53350   139.057 
   53400   138.756 
   53450   137.172 
   53500   138.250 
   53550   142.904 
   53600   143.650 
   53650   140.867 
   53700   140.923 
   53750   138.568 
   53800   142.652 
   53850   135.806 
   53900   138.847 
   53950   140.524 
   54000   142.535 
   54050   140.245 
   54100   136.717 
   54150   138.309 
   54200   140.990 
   54250   142.614 
   54300   139.246 
   54350   138.147 
   54400   139.949 
   54450   135.274 
   54500   142.644 
   54550   136.518 
   54600   139.987 
   54650   139.435 
   54700   137.112 
   54750   141.027 
   54800   134.706 
   54850   142.824 
   54900   140.634 
   54950   137.360 
   55000   142.783 
   55050   138.363 
   55100   138.775 
   55150   139.406 
   55200   140.147 
   55250   139.584 
   55300   136.595 
   55350   140.593 
   55400   143.588 
   55450   139.665 
   55500   136.999 
   55550   138.091 
   55600   139.868 
   55650   141.152 
   55700   136.432 
   55750   139.597 
   55800   137.510 
   55850   138.987 
   55900   142.086 
   55950   135.849 
   56000   141.028 
   56050   137.148 
   56100   139.027 
   56150   141.606 
   56200   140.125 
   56250   138.883 
   56300   139.650 
   56350   138.966 
   56400   140.441 
   56450   139.919 
   56500   140.280 
   56550   135.736 
   56600   141.232 
   56650   139.589 
   56700   141.631 
   56750   142.673 
   56800   140.116 
   56850   136.058 
   56900   138.401 
   56950   142.085 
   57000   140.737 
   57050   137.424 
   57100   139.722 
   57150   138.448 
   57200   143.400 
   57250   142.917 
   57300   134.418 
   57350   138.174 
   57400   137.863 
   57450   144.751 
   57500   139.295 
   57550   135.665 
   57600   139.502 
   57650   137.501 
   57700   140.889 
   57750   139.980 
   57800   138.895 
   57850   137.617 
   57900   137.449 
   57950   137.460 
   58000   141.072 
   58050   142.099 
   58100   137.048 
   58150   138.707 
   58200   137.590 
   58250   139.612 
   58300   143.781 
   58350   141.833 
   58400   138.685 
   58450   138.538 
   58500   143.016 
   58550   141.597 
   58600   139.089 
   58650   140.424 
   58700   137.156 
   58750   138.841 
   58800   142.466 
   58850   145.149 
   58900   136.969 
   58950   141.780 
   59000   141.869 
   59050   140.272 
   59100   138.464 
   59150   134.022 
   59200   139.406 
   59250   142.679 
   59300   139.820 
   59350   140.101 
   59400   137.013 
   59450   138.159 
   59500   142.826 
   59550   140.430 
   59600   139.655 
   59650   138.826 
   59700   138.493 
   59750   140.491 
   59800   140.883 
   59850   139.949 
   59900   137.700 
   59950   139.839 
   60000   140.823 
   60050   141.313 
   60100   138.482 
   60150   139.397 
   60200   141.131 
   60250   141.570 
   60300   139.852 
   60350   139.316 
   60400   137.688 
   60450   140.893 
   60500   138.188 
   60550   140.355 
   60600   139.218 
   60650   139.898 
   60700   142.383 
   60750   142.355 
   60800   139.142 
   60850   139.709 
   60900   137.465 
   60950   140.242 
   61000   139.227 
   61050   143.205 
   61100   141.422 
   61150   137.756 
   61200   138.516 
   61250   136.571 
   61300   138.816 
   61350   137.895 
   61400   138.203 
   61450   138.750 
   61500   141.369 
   61550   142.417 
   61600   136.684 
   61650   141.786 
   61700   138.542 
   61750   137.516 
   61800   139.698 
   61850   140.198 
   61900   140.893 
   61950   142.459 
   62000   140.644 
   62050   143.334 
   62100   136.883 
   62150   137.816 
   62200   138.942 
   62250   146.795 
   62300   136.675 
   62350   134.687 
   62400   139.369 
   62450   139.031 
   62500   142.035 
   62550   143.968 
   62600   136.468 
   62650   138.828 
   62700   136.172 
   62750   142.635 
   62800   138.982 
   62850   141.860 
   62900   140.092 
   62950   137.811 
   63000   142.578 
   63050   138.492 
   63100   138.632 
   63150   139.520 
   63200   138.340 
   63250   139.083 
   63300   137.814 
   63350   137.643 
   63400   138.455 
   63450   138.370 
   63500   141.329 
   63550   139.714 
   63600   136.403 
   63650   140.022 
   63700   140.712 
   63750   137.829 
   63800   137.129 
   63850   145.297 
   63900   140.170 
   63950   137.850 
   64000   138.041 
   64050   144.510 
   64100   140.084 
   64150   142.330 
   64200   139.030 
   64250   138.438 
   64300   139.233 
   64350   137.689 
   64400   141.506 
   64450   142.662 
   64500   139.061 
   64550   139.279 
   64600   139.552 
   64650   138.802 
   64700   136.602 
   64750   141.309 
   64800   141.344 
   64850   141.311 
   64900   136.654 
   64950   137.279 
   65000   139.482 
   65050   139.711 
   65100   140.921 
   65150   138.416 
   65200   138.247 
   65250   141.187 
   65300   137.024 
   65350   137.677 
   65400   137.512 
   65450   139.816 
   65500   142.189 
   65550   140.838 
   65600   139.453 
   65650   138.935 
   65700   135.279 
   65750   139.006 
   65800   143.655 
   65850   143.714 
   65900   141.702 
   65950   136.396 
   66000   139.164 
   66050   140.291 
   66100   135.449 
   66150   142.624 
   66200   143.830 
   66250   137.839 
   66300   139.889 
   66350   137.762 
   66400   137.938 
   66450   141.409 
   66500   139.902 
   66550   141.066 
   66600   137.633 
   66650   136.355 
   66700   139.292 
   66750   143.946 
   66800   138.837 
   66850   135.562 
   66900   142.803 
   66950   141.948 
   67000   140.891 
   67050   141.961 
   67100   142.312 
   67150   140.797 
   67200   136.799 
   67250   139.802 
   67300   139.952 
   67350   145.278 
   67400   142.564 
   67450   136.428 
   67500   138.516 
   67550   142.803 
   67600   141.074 
   67650   139.434 
   67700   140.617 
   67750   141.871 
   67800   140.458 
   67850   139.946 
   67900   138.699 
   67950   139.383 
   68000   141.188 
   68050   137.822 
   68100   139.746 
   68150   136.575 
   68200   142.938 
   68250   139.854 
   68300   138.586 
   68350   138.517 
   68400   142.028 
   68450   137.237 
   68500   140.308 
   68550   136.762 
   68600   139.334 
   68650   140.194 
   68700   138.627 
   68750   139.901 
   68800   138.860 
   68850   135.943 
   68900   136.450 
   68950   137.305 
   69000   138.819 
   69050   135.590 
   69100   145.496 
   69150   138.591 
   69200   138.407 
   69250   136.447 
   69300   139.966 
   69350   143.047 
   69400   136.363 
   69450   142.429 
   69500   140.036 
   69550   139.929 
   69600   144.460 
   69650   137.518 
   69700   143.825 
   69750   140.466 
   69800   138.782 
   69850   136.904 
   69900   139.396 
   69950   142.899 
   70000   137.504 
   70050   142.305 
   70100   139.973 
   70150   141.531 
   70200   136.863 
   70250   140.927 
   70300   143.117 
   70350   134.577 
   70400   139.441 
   70450   141.587 
   70500   139.005 
   70550   143.402 
   70600   137.685 
   70650   137.436 
   70700   139.478 
   70750   143.130 
   70800   136.224 
   70850   139.101 
   70900   140.740 
   70950   138.299 
   71000   140.455 
   71050   139.144 
   71100   139.943 
   71150   140.935 
   71200   139.353 
   71250   142.308 
   71300   141.769 
   71350   137.953 
   71400   139.311 
   71450   140.811 
   71500   141.344 
   71550   141.037 
   71600   135.886 
   71650   139.254 
   71700   138.002 
   71750   140.488 
   71800   140.286 
   71850   136.165 
   71900   141.821 
   71950   137.667 
   72000   140.911 
   72050   138.125 
   72100   135.170 
   72150   141.304 
   72200   141.697 
   72250   134.450 
   72300   138.586 
   72350   138.242 
   72400   137.540 
   72450   138.944 
   72500   140.413 
   72550   140.572 
   72600   136.394 
   72650   138.707 
   72700   140.795 
   72750   142.122 
   72800   141.949 
   72850   135.311 
   72900   139.530 
   72950   142.004 
   73000   137.406 
   73050   138.770 
   73100   138.931 
   73150   138.528 
   73200   142.032 
   73250   139.895 
   73300   138.763 
   73350   138.706 
   73400   141.892 
   73450   141.513 
   73500   139.810 
   73550   139.356 
   73600   141.750 
   73650   139.075 
   73700   140.820 
   73750   142.221 
   73800   141.421 
   73850   138.846 
   73900   140.097 
   73950   143.103 
   74000   140.894 
   74050   139.022 
   74100   141.081 
   74150   143.518 
   74200   138.760 
   74250   139.319 
   74300   141.287 
   74350   136.352 
   74400   140.763 
   74450   139.080 
   74500   141.041 
   74550   140.683 
   74600   138.624 
   74650   140.367 
   74700   141.933 
   74750   142.679 
   74800   140.855 
   74850   141.745 
   74900   140.431 
   74950   138.827 
   75000   142.266 
   75050   140.322 
   75100   135.867 
   75150   138.360 
   75200   142.636 
   75250   140.885 
   75300   142.051 
   75350   138.832 
   75400   134.710 
   75450   144.887 
   75500   142.300 
   75550   139.524 
   75600   141.680 
   75650   141.162 
   75700   136.220 
   75750   140.214 
   75800   140.714 
   75850   142.535 
   75900   144.085 
   75950   142.926 
   76000   140.139 
   76050   139.731 
   76100   140.483 
   76150   142.078 
   76200   142.074 
   76250   138.226 
   76300   139.709 
   76350   143.571 
   76400   138.398 
   76450   141.221 
   76500   141.353 
   76550   138.305 
   76600   139.000 
   76650   138.294 
   76700   144.566 
   76750   140.640 
   76800   138.748 
   76850   138.497 
   76900   139.093 
   76950   140.612 
   77000   138.675 
   77050   141.656 
   77100   141.218 
   77150   139.000 
   77200   138.042 
   77250   139.764 
   77300   141.153 
   77350   135.348 
   77400   138.010 
   77450   140.172 
   77500   144.808 
   77550   138.829 
   77600   135.414 
   77650   139.889 
   77700   136.391 
   77750   141.032 
   77800   144.713 
   77850   137.169 
   77900   139.186 
   77950   138.718 
   78000   139.837 
   78050   141.105 
   78100   138.560 
   78150   138.229 
   78200   135.990 
   78250   142.245 
   78300   140.560 
   78350   139.365 
   78400   139.800 
   78450   135.137 
   78500   141.174 
   78550   146.546 
   78600   138.761 
   78650   135.852 
   78700   139.917 
   78750   140.159 
   78800   141.326 
   78850   139.111 
   78900   138.788 
   78950   136.457 
   79000   138.847 
   79050   144.359 
   79100   137.452 
   79150   138.670 
   79200   140.106 
   79250   141.701 
   79300   140.756 
   79350   135.657 
   79400   138.971 
   79450   140.290 
   79500   135.956 
   79550   139.495 
   79600   144.568 
   79650   138.133 
   79700   137.768 
   79750   136.125 
   79800   144.865 
   79850   141.307 
   79900   139.784 
   79950   139.121 
   80000   139.462 
   80050   143.312 
   80100   137.919 
   80150   137.979 
   80200   141.897 
   80250   139.407 
   80300   139.484 
   80350   139.998 
   80400   138.946 
   80450   139.844 
   80500   144.033 
   80550   141.507 
   80600   138.798 
   80650   139.793 
   80700   141.079 
   80750   139.080 
   80800   142.996 
   80850   140.014 
   80900   137.320 
   80950   136.646 
   81000   138.901 
   81050   139.637 
   81100   140.465 
   81150   139.046 
   81200   138.326 
   81250   140.675 
   81300   143.102 
   81350   141.947 
   81400   142.211 
   81450   139.119 
   81500   139.651 
   81550   141.602 
   81600   142.567 
   81650   138.707 
   81700   138.848 
   81750   142.051 
   81800   141.531 
   81850   140.228 
   81900   143.713 
   81950   143.117 
   82000   141.664 
   82050   141.335 
   82100   139.548 
   82150   139.562 
   82200   141.582 
   82250   139.998 
   82300   145.959 
   82350   138.480 
   82400   141.457 
   82450   139.049 
   82500   140.389 
   82550   140.720 
   82600   140.965 
   82650   138.810 
   82700   139.702 
   82750   138.207 
   82800   142.072 
   82850   142.319 
   82900   142.164 
   82950   138.300 
   83000   139.692 
   83050   139.563 
   83100   147.270 
   83150   138.042 
   83200   138.104 
   83250   143.212 
   83300   138.333 
   83350   145.888 
   83400   138.846 
   83450   137.513 
   83500   139.206 
   83550   138.915 
   83600   143.939 
   83650   137.457 
   83700   139.861 
   83750   137.525 
   83800   137.928 
   83850   143.804 
   83900   138.972 
   83950   141.016 
   84000   140.778 
   84050   137.820 
   84100   142.038 
   84150   141.600 
   84200   141.757 
   84250   137.530 
   84300   139.778 
   84350   143.051 
   84400   139.801 
   84450   141.433 
   84500   140.611 
   84550   139.582 
   84600   140.556 
   84650   143.023 
   84700   141.209 
   84750   139.736 
   84800   140.319 
   84850   138.934 
   84900   141.292 
   84950   137.599 
   85000   139.148 
   85050   137.145 
   85100   140.573 
   85150   138.342 
   85200   140.439 
   85250   139.871 
   85300   139.792 
   85350   139.334 
   85400   141.015 
   85450   141.689 
   85500   142.889 
   85550   139.750 
   85600   138.522 
   85650   140.411 
   85700   145.225 
   85750   141.003 
   85800   138.951 
   85850   139.858 
   85900   143.515 
   85950   140.329 
   86000   138.086 
   86050   137.037 
   86100   141.507 
   86150   142.703 
   86200   139.479 
   86250   141.842 
   86300   142.085 
   86350   141.290 
   86400   137.781 
   86450   136.838 
   86500   139.428 
   86550   139.410 
   86600   140.221 
   86650   138.035 
   86700   136.854 
   86750   143.576 
   86800   138.370 
   86850   143.868 
   86900   137.145 
   86950   138.606 
   87000   141.518 
   87050   140.454 
   87100   141.902 
   87150   138.290 
   87200   141.284 
   87250   142.393 
   87300   136.277 
   87350   139.489 
   87400   138.800 
   87450   138.351 
   87500   141.987 
   87550   133.718 
   87600   140.063 
   87650   140.987 
   87700   141.755 
   87750   140.024 
   87800   137.018 
   87850   139.962 
   87900   137.883 
   87950   139.339 
   88000   139.777 
   88050   138.040 
   88100   146.517 
   88150   139.475 
   88200   140.187 
   88250   141.970 
   88300   138.535 
   88350   142.146 
   88400   138.365 
   88450   146.392 
   88500   141.772 
   88550   141.867 
   88600   139.213 
   88650   143.954 
   88700   137.878 
   88750   138.679 
   88800   139.130 
   88850   141.073 
   88900   143.379 
   88950   139.884 
   89000   135.666 
   89050   139.061 
   89100   139.662 
   89150   144.326 
   89200   140.559 
   89250   139.769 
   89300   140.560 
   89350   139.942 
   89400   144.244 
   89450   141.589 
   89500   138.880 
   89550   137.756 
   89600   140.462 
   89650   138.175 
   89700   141.173 
   89750   141.773 
   89800   143.282 
   89850   137.532 
   89900   139.653 
   89950   142.197 
   90000   134.977 
   90050   137.621 
   90100   142.142 
   90150   144.748 
   90200   141.397 
   90250   136.654 
   90300   139.687 
   90350   140.852 
   90400   140.465 
   90450   141.269 
   90500   140.781 
   90550   140.400 
   90600   138.372 
   90650   140.490 
   90700   141.997 
   90750   136.183 
   90800   141.511 
   90850   137.333 
   90900   139.436 
   90950   142.267 
   91000   143.005 
   91050   139.869 
   91100   137.306 
   91150   139.083 
   91200   137.571 
   91250   143.197 
   91300   145.262 
   91350   138.005 
   91400   140.632 
   91450   139.227 
   91500   140.518 
   91550   142.688 
   91600   140.071 
   91650   137.097 
   91700   136.762 
   91750   141.378 
   91800   142.319 
   91850   135.813 
   91900   139.170 
   91950   137.985 
   92000   138.803 
   92050   141.664 
   92100   138.874 
   92150   138.153 
   92200   135.724 
   92250   138.164 
   92300   143.041 
   92350   141.335 
   92400   139.146 
   92450   139.492 
   92500   136.841 
   92550   144.310 
   92600   143.354 
   92650   143.411 
   92700   137.186 
   92750   137.860 
   92800   139.844 
   92850   144.472 
   92900   138.805 
   92950   138.429 
   93000   137.655 
   93050   142.802 
   93100   139.784 
   93150   138.969 
   93200   136.282 
   93250   138.859 
   93300   142.767 
   93350   137.335 
   93400   141.366 
   93450   141.680 
   93500   140.147 
   93550   140.639 
   93600   138.770 
   93650   140.230 
   93700   139.602 
   93750   140.347 
   93800   139.909 
   93850   139.391 
   93900   136.696 
   93950   142.840 
   94000   139.773 
   94050   140.660 
   94100   141.308 
   94150   139.295 
   94200   143.848 
   94250   139.052 
   94300   141.280 
   94350   136.718 
   94400   140.058 
   94450   142.706 
   94500   139.265 
   94550   139.048 
   94600   138.186 
   94650   138.817 
   94700   141.215 
   94750   143.033 
   94800   143.185 
   94850   136.305 
   94900   141.012 
   94950   144.401 
   95000   142.316 
   95050   141.812 
   95100   138.655 
   95150   139.361 
   95200   141.990 
   95250   141.452 
   95300   141.243 
   95350   139.551 
   95400   138.366 
   95450   138.745 
   95500   138.271 
   95550   142.516 
   95600   139.674 
   95650   140.881 
   95700   138.148 
   95750   140.302 
   95800   139.889 
   95850   136.975 
   95900   141.077 
   95950   136.875 
   96000   140.972 
   96050   138.936 
   96100   140.859 
   96150   142.625 
   96200   140.473 
   96250   143.595 
   96300   138.257 
   96350   138.067 
   96400   138.220 
   96450   140.868 
   96500   142.233 
   96550   138.889 
   96600   134.915 
   96650   138.616 
   96700   144.844 
   96750   140.225 
   96800   137.904 
   96850   140.063 
   96900   138.454 
   96950   141.282 
   97000   141.505 
   97050   138.531 
   97100   136.260 
   97150   137.754 
   97200   145.379 
   97250   141.044 
   97300   137.582 
   97350   138.197 
   97400   136.127 
   97450   142.050 
   97500   137.579 
   97550   140.129 
   97600   135.546 
   97650   135.452 
   97700   138.869 
   97750   137.263 
   97800   140.864 
   97850   137.827 
   97900   137.786 
   97950   138.261 
   98000   139.697 
   98050   139.707 
   98100   139.798 
   98150   140.922 
   98200   135.182 
   98250   139.960 
   98300   141.563 
   98350   134.102 
   98400   138.566 
   98450   138.715 
   98500   137.866 
   98550   141.719 
   98600   140.927 
   98650   134.109 
   98700   133.530 
   98750   140.532 
   98800   139.392 
   98850   138.698 
   98900   139.506 
   98950   137.652 
   99000   139.186 
   99050   141.132 
   99100   137.124 
   99150   139.550 
   99200   135.437 
   99250   139.251 
   99300   141.313 
   99350   137.605 
   99400   139.382 
   99450   135.250 
   99500   141.633 
   99550   145.218 
   99600   136.142 
   99650   138.037 
   99700   136.514 
   99750   138.229 
   99800   141.253 
   99850   136.730 
   99900   139.540 
   99950   139.718 
