       0    31.105 
      50    36.653 
     100    32.826 
     150    31.036 
     200    28.260 
     250    29.634 
     300    34.272 
     350    32.144 
     400    34.210 
     450    36.058 
     500    34.541 
     550    31.231 
     600    27.811 
     650    27.775 
     700    32.003 
     750    33.818 
     800    35.658 
     850    35.678 
     900    31.821 
     950    31.437 
    1000    29.161 
    1050    31.604 
    1100    33.241 
    1150    37.999 
    1200    31.209 
    1250    30.138 
    1300    31.551 
    1350    31.337 
    1400    32.976 
    1450    34.786 
    1500    33.831 
    1550    31.562 
    1600    28.551 
    1650    28.074 
    1700    31.119 
    1750    33.041 
    1800    34.127 
    1850    30.986 
    1900    34.230 
    1950    31.991 
    2000    31.242 
    2050    30.655 
    2100    32.269 
    2150    31.786 
    2200    28.094 
    2250    29.556 
    2300    34.699 
    2350    34.428 
    2400    30.276 
    2450    33.617 
    2500    33.343 
    2550    30.708 
    2600    29.034 
    2650    28.940 
    2700    31.133 
    2750    31.298 
    2800    30.885 
    2850    30.538 
    2900    31.413 
    2950    30.876 
    3000    30.753 
    3050    31.971 
    3100    32.153 
    3150    32.767 
    3200    31.815 
    3250    30.920 
    3300    33.038 
    3350    32.392 
    3400    31.201 
    3450    32.343 
    3500    34.017 
    3550    33.829 
    3600    33.114 
    3650    31.622 
    3700    32.903 
    3750    31.864 
    3800    27.188 
    3850    29.179 
    3900    34.322 
    3950    33.523 
    4000    34.203 
    4050    34.047 
    4100    37.298 
    4150    35.781 
    4200    33.588 
    4250    34.986 
    4300    33.512 
    4350    33.088 
    4400    33.156 
    4450    32.074 
    4500    34.168 
    4550    33.527 
    4600    33.461 
    4650    33.654 
    4700    32.420 
    4750    32.632 
    4800    30.592 
    4850    28.970 
    4900    33.448 
    4950    33.784 
    5000    32.873 
    5050    31.380 
    5100    33.545 
    5150    35.350 
    5200    34.079 
    5250    30.562 
    5300    30.739 
    5350    31.327 
    5400    28.506 
    5450    29.567 
    5500    33.590 
    5550    32.548 
    5600    33.797 
    5650    35.585 
    5700    33.699 
    5750    32.711 
    5800    29.702 
    5850    29.629 
    5900    30.551 
    5950    34.497 
    6000    32.818 
    6050    31.691 
    6100    28.026 
    6150    29.132 
    6200    26.526 
    6250    33.381 
    6300    34.271 
    6350    35.169 
    6400    32.817 
    6450    30.831 
    6500    27.932 
    6550    30.371 
    6600    31.182 
    6650    31.369 
    6700    33.196 
    6750    37.016 
    6800    34.119 
    6850    31.732 
    6900    30.368 
    6950    29.510 
    7000    30.715 
    7050    33.032 
    7100    32.520 
    7150    34.846 
    7200    33.808 
    7250    33.804 
    7300    28.714 
    7350    29.201 
    7400    31.502 
    7450    32.223 
    7500    33.758 
    7550    31.000 
    7600    32.866 
    7650    33.647 
    7700    30.371 
    7750    32.618 
    7800    33.686 
    7850    33.552 
    7900    35.565 
    7950    32.883 
    8000    32.458 
    8050    32.475 
    8100    30.233 
    8150    31.109 
    8200    33.001 
    8250    29.383 
    8300    31.675 
    8350    30.328 
    8400    36.478 
    8450    33.062 
    8500    28.837 
    8550    31.017 
    8600    32.105 
    8650    30.239 
    8700    29.299 
    8750    35.683 
    8800    31.023 
    8850    32.587 
    8900    33.131 
    8950    33.973 
    9000    30.799 
    9050    32.706 
    9100    32.485 
    9150    30.591 
    9200    28.907 
    9250    29.259 
    9300    32.500 
    9350    33.074 
    9400    32.885 
    9450    31.421 
    9500    28.240 
    9550    28.348 
    9600    28.887 
    9650    29.479 
    9700    33.394 
    9750    38.107 
    9800    34.138 
    9850    28.716 
    9900    29.393 
    9950    30.039 
   10000    34.341 
   10050    32.995 
   10100    31.701 
   10150    31.081 
   10200    30.087 
   10250    33.476 
   10300    34.559 
   10350    33.898 
   10400    33.404 
   10450    34.341 
   10500    31.174 
   10550    28.435 
   10600    33.641 
   10650    32.135 
   10700    33.742 
   10750    33.520 
   10800    31.029 
   10850    34.152 
   10900    32.710 
   10950    32.532 
   11000    31.758 
   11050    31.732 
   11100    32.688 
   11150    34.257 
   11200    31.599 
   11250    29.193 
   11300    29.585 
   11350    31.375 
   11400    31.102 
   11450    30.666 
   11500    34.404 
   11550    32.596 
   11600    28.542 
   11650    29.289 
   11700    31.548 
   11750    32.574 
   11800    32.749 
   11850    33.193 
   11900    33.527 
   11950    30.841 
   12000    27.969 
   12050    28.306 
   12100    33.291 
   12150    35.535 
   12200    35.597 
   12250    33.150 
   12300    29.798 
   12350    30.228 
   12400    32.720 
   12450    32.983 
   12500    33.363 
   12550    36.137 
   12600    35.266 
   12650    33.741 
   12700    34.021 
   12750    29.874 
   12800    28.966 
   12850    31.266 
   12900    29.885 
   12950    32.837 
   13000    34.056 
   13050    36.416 
   13100    34.288 
   13150    36.156 
   13200    31.805 
   13250    30.588 
   13300    28.240 
   13350    29.369 
   13400    29.940 
   13450    32.665 
   13500    34.803 
   13550    34.551 
   13600    32.327 
   13650    31.369 
   13700    30.792 
   13750    31.307 
   13800    30.750 
   13850    32.156 
   13900    33.757 
   13950    36.581 
   14000    33.047 
   14050    32.501 
   14100    32.580 
   14150    32.957 
   14200    29.804 
   14250    31.370 
   14300    29.661 
   14350    31.733 
   14400    35.201 
   14450    29.288 
   14500    30.842 
   14550    32.199 
   14600    30.266 
   14650    32.574 
   14700    32.495 
   14750    31.260 
   14800    34.550 
   14850    31.822 
   14900    31.732 
   14950    32.262 
   15000    32.499 
   15050    31.240 
   15100    30.284 
   15150    32.469 
   15200    32.910 
   15250    32.928 
   15300    34.885 
   15350    30.241 
   15400    30.012 
   15450    29.483 
   15500    31.546 
   15550    32.659 
   15600    34.751 
   15650    32.677 
   15700    33.659 
   15750    33.127 
   15800    30.082 
   15850    28.594 
   15900    32.091 
   15950    32.373 
   16000    30.070 
   16050    34.257 
   16100    34.451 
   16150    32.857 
   16200    31.033 
   16250    28.139 
   16300    29.465 
   16350    32.278 
   16400    33.804 
   16450    30.286 
   16500    33.402 
   16550    31.773 
   16600    33.043 
   16650    32.397 
   16700    33.205 
   16750    31.255 
   16800    34.009 
   16850    33.256 
   16900    31.875 
   16950    34.489 
   17000    31.570 
   17050    32.092 
   17100    33.210 
   17150    31.322 
   17200    30.565 
   17250    30.980 
   17300    33.050 
   17350    32.294 
   17400    32.999 
   17450    31.956 
   17500    35.082 
   17550    30.916 
   17600    33.262 
   17650    34.695 
   17700    35.076 
   17750    35.256 
   17800    33.071 
   17850    26.298 
   17900    27.428 
   17950    28.989 
   18000    31.336 
   18050    30.899 
   18100    33.170 
   18150    34.553 
   18200    34.045 
   18250    29.335 
   18300    29.341 
   18350    29.364 
   18400    28.976 
   18450    31.698 
   18500    31.394 
   18550    30.887 
   18600    32.767 
   18650    30.865 
   18700    32.115 
   18750    33.222 
   18800    31.178 
   18850    29.506 
   18900    30.070 
   18950    31.995 
   19000    31.025 
   19050    30.885 
   19100    32.656 
   19150    30.791 
   19200    31.863 
   19250    37.679 
   19300    34.206 
   19350    32.554 
   19400    31.241 
   19450    27.482 
   19500    25.235 
   19550    26.496 
   19600    33.491 
   19650    36.183 
   19700    35.914 
   19750    36.647 
   19800    33.862 
   19850    28.167 
   19900    26.588 
   19950    31.439 
   20000    31.333 
   20050    33.353 
   20100    33.578 
   20150    35.628 
   20200    32.431 
   20250    29.525 
   20300    28.036 
   20350    27.155 
   20400    31.202 
   20450    32.692 
   20500    33.904 
   20550    35.990 
   20600    32.116 
   20650    29.331 
   20700    28.841 
   20750    32.387 
   20800    38.743 
   20850    35.884 
   20900    32.423 
   20950    29.106 
   21000    27.078 
   21050    28.812 
   21100    32.079 
   21150    35.620 
   21200    36.812 
   21250    33.884 
   21300    32.508 
   21350    31.610 
   21400    33.149 
   21450    30.298 
   21500    30.833 
   21550    31.168 
   21600    35.747 
   21650    36.633 
   21700    32.941 
   21750    29.915 
   21800    35.073 
   21850    29.213 
   21900    29.364 
   21950    31.198 
   22000    34.159 
   22050    32.082 
   22100    31.808 
   22150    33.087 
   22200    32.741 
   22250    33.661 
   22300    30.925 
   22350    31.021 
   22400    31.181 
   22450    32.010 
   22500    34.443 
   22550    34.649 
   22600    32.826 
   22650    32.081 
   22700    31.460 
   22750    30.605 
   22800    28.222 
   22850    29.465 
   22900    35.817 
   22950    30.741 
   23000    32.900 
   23050    34.749 
   23100    34.675 
   23150    31.802 
   23200    29.929 
   23250    31.335 
   23300    35.143 
   23350    32.714 
   23400    30.046 
   23450    34.250 
   23500    35.130 
   23550    31.703 
   23600    28.148 
   23650    31.192 
   23700    34.302 
   23750    31.516 
   23800    29.292 
   23850    31.865 
   23900    31.259 
   23950    30.489 
   24000    29.964 
   24050    33.692 
   24100    31.899 
   24150    31.618 
   24200    31.587 
   24250    31.654 
   24300    32.748 
   24350    32.209 
   24400    28.776 
   24450    29.494 
   24500    31.736 
   24550    29.286 
   24600    31.078 
   24650    32.480 
   24700    32.868 
   24750    32.249 
   24800    32.779 
   24850    32.234 
   24900    31.574 
   24950    31.755 
   25000    30.066 
   25050    29.443 
   25100    32.400 
   25150    34.107 
   25200    32.180 
   25250    31.623 
   25300    33.681 
   25350    30.449 
   25400    29.911 
   25450    32.403 
   25500    28.834 
   25550    34.973 
   25600    33.873 
   25650    34.697 
   25700    31.234 
   25750    32.161 
   25800    30.001 
   25850    30.495 
   25900    30.931 
   25950    32.295 
   26000    32.677 
   26050    33.311 
   26100    30.743 
   26150    33.033 
   26200    35.621 
   26250    32.194 
   26300    32.585 
   26350    33.874 
   26400    33.366 
   26450    30.511 
   26500    31.160 
   26550    32.687 
   26600    35.206 
   26650    34.162 
   26700    34.390 
   26750    32.847 
   26800    31.378 
   26850    32.338 
   26900    30.127 
   26950    30.655 
   27000    32.436 
   27050    31.958 
   27100    31.428 
   27150    31.224 
   27200    29.571 
   27250    30.729 
   27300    30.634 
   27350    35.003 
   27400    32.200 
   27450    30.520 
   27500    32.064 
   27550    31.976 
   27600    33.111 
   27650    34.767 
   27700    34.005 
   27750    31.010 
   27800    28.668 
   27850    27.025 
   27900    30.747 
   27950    29.135 
   28000    29.999 
   28050    32.869 
   28100    34.116 
   28150    31.709 
   28200    32.073 
   28250    32.649 
   28300    30.757 
   28350    35.628 
   28400    33.856 
   28450    29.999 
   28500    30.387 
   28550    31.977 
   28600    33.304 
   28650    32.996 
   28700    37.663 
   28750    31.292 
   28800    29.232 
   28850    27.930 
   28900    35.651 
   28950    30.905 
   29000    31.702 
   29050    28.634 
   29100    28.669 
   29150    29.553 
   29200    33.054 
   29250    32.578 
   29300    32.141 
   29350    34.880 
   29400    31.713 
   29450    31.543 
   29500    33.011 
   29550    33.125 
   29600    34.572 
   29650    34.235 
   29700    34.532 
   29750    33.335 
   29800    35.339 
   29850    32.300 
   29900    29.868 
   29950    29.199 
   30000    29.798 
   30050    30.018 
   30100    33.597 
   30150    32.253 
   30200    33.388 
   30250    36.425 
   30300    34.723 
   30350    29.590 
   30400    30.577 
   30450    31.811 
   30500    32.092 
   30550    30.514 
   30600    30.219 
   30650    28.794 
   30700    31.668 
   30750    29.249 
   30800    33.494 
   30850    33.591 
   30900    31.267 
   30950    33.835 
   31000    29.589 
   31050    30.141 
   31100    32.462 
   31150    34.037 
   31200    37.360 
   31250    33.462 
   31300    27.378 
   31350    29.012 
   31400    28.635 
   31450    29.055 
   31500    29.878 
   31550    33.533 
   31600    33.566 
   31650    32.066 
   31700    30.283 
   31750    32.178 
   31800    34.703 
   31850    32.478 
   31900    31.775 
   31950    31.241 
   32000    33.386 
   32050    33.218 
   32100    30.625 
   32150    28.874 
   32200    33.848 
   32250    31.715 
   32300    28.361 
   32350    32.304 
   32400    32.445 
   32450    32.192 
   32500    35.999 
   32550    37.535 
   32600    31.214 
   32650    29.255 
   32700    28.859 
   32750    28.972 
   32800    31.316 
   32850    34.324 
   32900    34.157 
   32950    33.390 
   33000    29.339 
   33050    30.931 
   33100    30.732 
   33150    28.663 
   33200    32.362 
   33250    32.374 
   33300    33.163 
   33350    32.205 
   33400    32.488 
   33450    29.772 
   33500    32.178 
   33550    34.948 
   33600    31.077 
   33650    32.801 
   33700    29.758 
   33750    31.293 
   33800    30.038 
   33850    33.554 
   33900    32.603 
   33950    34.152 
   34000    32.416 
   34050    31.593 
   34100    31.437 
   34150    31.225 
   34200    30.233 
   34250    29.149 
   34300    35.706 
   34350    35.020 
   34400    32.648 
   34450    32.116 
   34500    34.403 
   34550    32.624 
   34600    31.164 
   34650    32.295 
   34700    32.034 
   34750    32.494 
   34800    34.980 
   34850    34.553 
   34900    32.253 
   34950    30.732 
   35000    28.145 
   35050    30.879 
   35100    33.900 
   35150    34.319 
   35200    34.312 
   35250    31.352 
   35300    30.306 
   35350    29.592 
   35400    34.296 
   35450    31.667 
   35500    31.999 
   35550    32.393 
   35600    32.345 
   35650    33.282 
   35700    28.709 
   35750    32.602 
   35800    33.692 
   35850    32.444 
   35900    34.565 
   35950    32.166 
   36000    31.902 
   36050    31.173 
   36100    29.061 
   36150    30.652 
   36200    30.380 
   36250    35.803 
   36300    34.495 
   36350    31.802 
   36400    30.505 
   36450    30.920 
   36500    29.962 
   36550    31.339 
   36600    32.182 
   36650    33.690 
   36700    32.283 
   36750    33.201 
   36800    32.579 
   36850    32.272 
   36900    33.527 
   36950    31.254 
   37000    30.552 
   37050    31.446 
   37100    31.031 
   37150    30.613 
   37200    32.531 
   37250    32.865 
   37300    32.294 
   37350    33.626 
   37400    33.813 
   37450    32.130 
   37500    32.180 
   37550    31.680 
   37600    31.860 
   37650    31.836 
   37700    34.580 
   37750    32.541 
   37800    32.458 
   37850    33.215 
   37900    31.000 
   37950    30.225 
   38000    29.967 
   38050    32.885 
   38100    32.730 
   38150    33.789 
   38200    34.108 
   38250    33.240 
   38300    30.954 
   38350    29.635 
   38400    32.028 
   38450    33.872 
   38500    34.100 
   38550    29.531 
   38600    28.418 
   38650    34.158 
   38700    35.185 
   38750    34.885 
   38800    29.152 
   38850    29.748 
   38900    32.176 
   38950    34.651 
   39000    34.662 
   39050    32.766 
   39100    28.616 
   39150    29.344 
   39200    27.948 
   39250    32.841 
   39300    35.981 
   39350    36.310 
   39400    33.152 
   39450    32.327 
   39500    33.480 
   39550    27.280 
   39600    31.532 
   39650    33.344 
   39700    31.993 
   39750    32.648 
   39800    32.293 
   39850    28.956 
   39900    29.933 
   39950    30.518 
   40000    31.913 
   40050    34.447 
   40100    33.368 
   40150    31.125 
   40200    31.669 
   40250    28.003 
   40300    27.920 
   40350    30.140 
   40400    33.297 
   40450    32.875 
   40500    32.165 
   40550    29.123 
   40600    30.677 
   40650    32.596 
   40700    33.775 
   40750    36.936 
   40800    35.358 
   40850    31.154 
   40900    28.315 
   40950    31.156 
   41000    30.374 
   41050    33.259 
   41100    34.342 
   41150    33.946 
   41200    30.488 
   41250    34.595 
   41300    31.946 
   41350    30.070 
   41400    28.755 
   41450    29.294 
   41500    30.747 
   41550    35.666 
   41600    35.597 
   41650    32.948 
   41700    34.235 
   41750    29.714 
   41800    27.808 
   41850    31.706 
   41900    32.595 
   41950    35.321 
   42000    32.795 
   42050    34.117 
   42100    35.236 
   42150    29.940 
   42200    27.740 
   42250    27.692 
   42300    27.929 
   42350    30.877 
   42400    36.016 
   42450    34.057 
   42500    35.618 
   42550    30.906 
   42600    30.320 
   42650    28.260 
   42700    31.147 
   42750    31.582 
   42800    31.133 
   42850    31.899 
   42900    32.536 
   42950    35.939 
   43000    33.455 
   43050    31.973 
   43100    32.399 
   43150    31.524 
   43200    28.478 
   43250    29.887 
   43300    32.715 
   43350    35.173 
   43400    33.650 
   43450    30.949 
   43500    32.839 
   43550    32.948 
   43600    30.685 
   43650    31.929 
   43700    32.434 
   43750    34.998 
   43800    32.328 
   43850    33.554 
   43900    28.970 
   43950    32.163 
   44000    30.788 
   44050    32.092 
   44100    25.148 
   44150    30.137 
   44200    34.953 
   44250    35.555 
   44300    32.057 
   44350    31.794 
   44400    30.647 
   44450    29.007 
   44500    30.403 
   44550    29.266 
   44600    29.024 
   44650    33.610 
   44700    33.260 
   44750    29.907 
   44800    29.732 
   44850    28.057 
   44900    34.711 
   44950    35.620 
   45000    35.935 
   45050    29.008 
   45100    28.361 
   45150    30.800 
   45200    29.407 
   45250    30.473 
   45300    33.801 
   45350    32.357 
   45400    32.401 
   45450    34.702 
   45500    32.291 
   45550    29.993 
   45600    32.491 
   45650    31.918 
   45700    33.377 
   45750    34.298 
   45800    31.227 
   45850    31.596 
   45900    31.894 
   45950    33.410 
   46000    34.878 
   46050    32.360 
   46100    35.316 
   46150    33.021 
   46200    31.259 
   46250    30.601 
   46300    30.498 
   46350    29.032 
   46400    29.273 
   46450    33.200 
   46500    36.286 
   46550    33.395 
   46600    33.910 
   46650    30.332 
   46700    29.091 
   46750    31.581 
   46800    33.307 
   46850    34.803 
   46900    36.667 
   46950    34.751 
   47000    32.105 
   47050    32.114 
   47100    29.934 
   47150    29.004 
   47200    32.853 
   47250    33.065 
   47300    32.740 
   47350    31.621 
   47400    32.871 
   47450    30.167 
   47500    30.912 
   47550    28.095 
   47600    37.011 
   47650    36.928 
   47700    36.406 
   47750    33.825 
   47800    28.615 
   47850    27.554 
   47900    26.234 
   47950    30.609 
   48000    34.888 
   48050    30.698 
   48100    32.346 
   48150    25.991 
   48200    29.208 
   48250    31.498 
   48300    33.524 
   48350    34.363 
   48400    36.636 
   48450    33.782 
   48500    28.752 
   48550    30.369 
   48600    33.166 
   48650    30.881 
   48700    34.058 
   48750    35.577 
   48800    35.085 
   48850    32.628 
   48900    32.891 
   48950    29.484 
   49000    30.210 
   49050    32.461 
   49100    31.672 
   49150    31.075 
   49200    32.494 
   49250    31.305 
   49300    30.770 
   49350    29.831 
   49400    32.315 
   49450    34.113 
   49500    31.800 
   49550    30.248 
   49600    31.410 
   49650    28.995 
   49700    30.368 
   49750    34.195 
   49800    33.889 
   49850    34.767 
   49900    29.962 
   49950    30.525 
   50000    27.468 
   50050    30.135 
   50100    34.097 
   50150    33.492 
   50200    31.297 
   50250    34.180 
   50300    32.367 
   50350    27.435 
   50400    31.122 
   50450    33.456 
   50500    31.883 
   50550    33.282 
   50600    28.466 
   50650    29.974 
   50700    34.274 
   50750    33.336 
   50800    30.043 
   50850    33.161 
   50900    30.516 
   50950    29.602 
   51000    30.317 
   51050    27.740 
   51100    28.890 
   51150    29.602 
   51200    30.979 
   51250    30.634 
   51300    30.550 
   51350    29.903 
   51400    30.594 
   51450    33.243 
   51500    28.952 
   51550    32.976 
   51600    33.850 
   51650    29.580 
   51700    30.423 
   51750    31.698 
   51800    29.309 
   51850    29.951 
   51900    31.746 
   51950    33.922 
   52000    30.303 
   52050    32.757 
   52100    30.149 
   52150    29.904 
   52200    31.689 
   52250    35.913 
   52300    34.757 
   52350    32.905 
   52400    32.184 
   52450    29.312 
   52500    30.251 
   52550    28.306 
   52600    31.115 
   52650    31.396 
   52700    32.981 
   52750    33.238 
   52800    34.592 
   52850    33.189 
   52900    32.765 
   52950    31.096 
   53000    31.809 
   53050    32.783 
   53100    31.867 
   53150    33.161 
   53200    29.949 
   53250    32.106 
   53300    30.895 
   53350    33.439 
   53400    30.632 
   53450    35.918 
   53500    32.403 
   53550    30.664 
   53600    30.145 
   53650    31.242 
   53700    30.003 
   53750    31.588 
   53800    35.177 
   53850    36.867 
   53900    33.498 
   53950    31.819 
   54000    30.784 
   54050    31.209 
   54100    31.321 
   54150    33.600 
   54200    33.866 
   54250    35.890 
   54300    31.984 
   54350    33.177 
   54400    33.867 
   54450    29.411 
   54500    29.570 
   54550    30.455 
   54600    29.904 
   54650    28.274 
   54700    32.360 
   54750    35.416 
   54800    34.481 
   54850    33.294 
   54900    31.248 
   54950    30.211 
   55000    27.881 
   55050    28.779 
   55100    31.857 
   55150    33.521 
   55200    34.497 
   55250    31.857 
   55300    31.905 
   55350    31.407 
   55400    30.963 
   55450    32.128 
   55500    33.123 
   55550    31.735 
   55600    33.027 
   55650    36.306 
   55700    33.764 
   55750    30.787 
   55800    29.290 
   55850    29.812 
   55900    33.206 
   55950    34.749 
   56000    32.419 
   56050    31.927 
   56100    29.029 
   56150    29.981 
   56200    29.766 
   56250    30.992 
   56300    34.074 
   56350    32.409 
   56400    33.204 
   56450    32.463 
   56500    31.630 
   56550    30.770 
   56600    32.808 
   56650    32.450 
   56700    30.173 
   56750    30.882 
   56800    34.588 
   56850    31.134 
   56900    32.685 
   56950    33.900 
   57000    34.810 
   57050    35.547 
   57100    32.742 
   57150    30.459 
   57200    31.767 
   57250    30.159 
   57300    30.591 
   57350    33.814 
   57400    32.932 
   57450    33.728 
   57500    33.131 
   57550    32.109 
   57600    30.941 
   57650    33.241 
   57700    34.395 
   57750    34.252 
   57800    32.095 
   57850    30.558 
   57900    29.876 
   57950    29.378 
   58000    33.199 
   58050    37.098 
   58100    34.846 
   58150    30.440 
   58200    27.497 
   58250    29.780 
   58300    27.422 
   58350    30.890 
   58400    32.808 
   58450    29.715 
   58500    36.340 
   58550    32.305 
   58600    31.848 
   58650    30.115 
   58700    27.634 
   58750    28.135 
   58800    32.032 
   58850    33.033 
   58900    33.791 
   58950    32.705 
   59000    34.150 
   59050    33.672 
   59100    32.974 
   59150    31.924 
   59200    31.238 
   59250    32.183 
   59300    30.484 
   59350    30.658 
   59400    33.932 
   59450    31.896 
   59500    31.462 
   59550    32.017 
   59600    33.222 
   59650    30.333 
   59700    30.722 
   59750    31.985 
   59800    28.235 
   59850    30.413 
   59900    31.457 
   59950    33.805 
   60000    34.018 
   60050    34.693 
   60100    31.076 
   60150    29.514 
   60200    27.042 
   60250    32.285 
   60300    32.466 
   60350    34.529 
   60400    34.279 
   60450    35.874 
   60500    34.553 
   60550    29.546 
   60600    28.187 
   60650    33.331 
   60700    32.923 
   60750    31.802 
   60800    32.925 
   60850    31.435 
   60900    33.673 
   60950    30.357 
   61000    30.751 
   61050    32.672 
   61100    32.868 
   61150    32.113 
   61200    30.816 
   61250    34.495 
   61300    33.637 
   61350    29.641 
   61400    31.502 
   61450    29.390 
   61500    30.337 
   61550    30.230 
   61600    34.012 
   61650    33.424 
   61700    31.079 
   61750    29.880 
   61800    31.816 
   61850    32.503 
   61900    35.132 
   61950    31.749 
   62000    28.690 
   62050    31.347 
   62100    30.701 
   62150    30.707 
   62200    31.807 
   62250    34.426 
   62300    31.829 
   62350    31.847 
   62400    31.783 
   62450    31.459 
   62500    32.613 
   62550    30.618 
   62600    30.391 
   62650    32.995 
   62700    32.551 
   62750    33.230 
   62800    33.906 
   62850    32.413 
   62900    33.976 
   62950    30.552 
   63000    30.263 
   63050    32.243 
   63100    33.825 
   63150    32.905 
   63200    32.663 
   63250    30.571 
   63300    30.880 
   63350    28.372 
   63400    32.987 
   63450    33.045 
   63500    33.145 
   63550    33.357 
   63600    32.000 
   63650    34.005 
   63700    32.713 
   63750    30.289 
   63800    31.925 
   63850    34.563 
   63900    31.952 
   63950    30.683 
   64000    32.603 
   64050    31.522 
   64100    29.158 
   64150    30.566 
   64200    31.070 
   64250    33.464 
   64300    30.407 
   64350    29.291 
   64400    32.132 
   64450    33.182 
   64500    31.323 
   64550    34.172 
   64600    34.025 
   64650    33.469 
   64700    33.376 
   64750    35.210 
   64800    35.810 
   64850    32.971 
   64900    33.935 
   64950    33.444 
   65000    29.815 
   65050    31.013 
   65100    31.116 
   65150    34.869 
   65200    33.026 
   65250    32.450 
   65300    32.512 
   65350    31.477 
   65400    31.154 
   65450    30.453 
   65500    32.815 
   65550    33.159 
   65600    32.285 
   65650    33.408 
   65700    34.572 
   65750    31.750 
   65800    33.447 
   65850    29.673 
   65900    29.593 
   65950    32.017 
   66000    33.191 
   66050    33.255 
   66100    36.423 
   66150    38.260 
   66200    38.222 
   66250    33.904 
   66300    32.455 
   66350    33.001 
   66400    31.885 
   66450    30.842 
   66500    30.127 
   66550    32.464 
   66600    33.701 
   66650    33.511 
   66700    33.204 
   66750    33.031 
   66800    34.662 
   66850    34.423 
   66900    28.793 
   66950    31.208 
   67000    31.236 
   67050    29.128 
   67100    31.338 
   67150    34.296 
   67200    33.487 
   67250    30.904 
   67300    34.198 
   67350    34.433 
   67400    35.394 
   67450    33.342 
   67500    30.474 
   67550    30.872 
   67600    32.004 
   67650    28.663 
   67700    29.448 
   67750    29.823 
   67800    34.644 
   67850    31.498 
   67900    29.313 
   67950    30.003 
   68000    31.798 
   68050    32.301 
   68100    29.778 
   68150    32.016 
   68200    30.384 
   68250    33.054 
   68300    31.776 
   68350    33.813 
   68400    33.563 
   68450    35.183 
   68500    34.671 
   68550    29.366 
   68600    27.922 
   68650    31.728 
   68700    28.324 
   68750    29.726 
   68800    32.182 
   68850    34.395 
   68900    34.686 
   68950    34.455 
   69000    29.043 
   69050    29.316 
   69100    31.916 
   69150    32.812 
   69200    28.540 
   69250    33.918 
   69300    35.214 
   69350    31.782 
   69400    31.548 
   69450    30.775 
   69500    32.039 
   69550    31.750 
   69600    30.761 
   69650    32.945 
   69700    33.608 
   69750    32.026 
   69800    29.007 
   69850    28.511 
   69900    33.122 
   69950    31.770 
   70000    32.827 
   70050    30.416 
   70100    30.875 
   70150    29.462 
   70200    31.233 
   70250    34.052 
   70300    33.600 
   70350    34.128 
   70400    30.775 
   70450    30.291 
   70500    29.402 
   70550    32.126 
   70600    35.380 
   70650    32.566 
   70700    32.101 
   70750    31.455 
   70800    29.997 
   70850    28.949 
   70900    31.981 
   70950    33.962 
   71000    31.707 
   71050    33.634 
   71100    31.073 
   71150    30.022 
   71200    29.944 
   71250    32.733 
   71300    32.563 
   71350    35.931 
   71400    31.178 
   71450    27.422 
   71500    29.275 
   71550    29.736 
   71600    32.126 
   71650    34.611 
   71700    33.326 
   71750    28.979 
   71800    30.301 
   71850    28.886 
   71900    27.879 
   71950    30.703 
   72000    30.817 
   72050    29.670 
   72100    30.672 
   72150    33.520 
   72200    31.322 
   72250    33.601 
   72300    31.774 
   72350    33.745 
   72400    28.615 
   72450    28.947 
   72500    32.029 
   72550    37.515 
   72600    33.189 
   72650    32.293 
   72700    32.425 
   72750    30.007 
   72800    30.012 
   72850    33.224 
   72900    35.169 
   72950    33.477 
   73000    35.720 
   73050    32.773 
   73100    31.836 
   73150    33.761 
   73200    34.220 
   73250    32.889 
   73300    30.130 
   73350    32.965 
   73400    32.199 
   73450    35.228 
   73500    30.226 
   73550    32.874 
   73600    31.789 
   73650    30.923 
   73700    30.116 
   73750    33.255 
   73800    33.040 
   73850    32.664 
   73900    30.364 
   73950    28.243 
   74000    28.684 
   74050    32.414 
   74100    33.913 
   74150    36.426 
   74200    36.216 
   74250    33.034 
   74300    30.168 
   74350    31.278 
   74400    29.362 
   74450    28.043 
   74500    29.863 
   74550    31.286 
   74600    32.893 
   74650    33.769 
   74700    29.261 
   74750    31.847 
   74800    34.727 
   74850    32.741 
   74900    32.646 
   74950    32.900 
   75000    33.381 
   75050    30.113 
   75100    30.441 
   75150    31.970 
   75200    33.782 
   75250    32.761 
   75300    31.151 
   75350    30.085 
   75400    32.520 
   75450    30.952 
   75500    31.767 
   75550    35.724 
   75600    33.480 
   75650    32.893 
   75700    31.152 
   75750    30.332 
   75800    30.550 
   75850    34.953 
   75900    33.906 
   75950    33.727 
   76000    32.856 
   76050    30.511 
   76100    28.852 
   76150    29.728 
   76200    32.117 
   76250    32.239 
   76300    32.631 
   76350    35.547 
   76400    29.948 
   76450    35.998 
   76500    34.608 
   76550    31.128 
   76600    28.813 
   76650    34.263 
   76700    34.360 
   76750    34.994 
   76800    34.754 
   76850    33.848 
   76900    30.273 
   76950    29.640 
   77000    31.272 
   77050    33.367 
   77100    34.126 
   77150    34.325 
   77200    33.381 
   77250    33.818 
   77300    33.405 
   77350    29.479 
   77400    30.232 
   77450    32.997 
   77500    32.040 
   77550    32.444 
   77600    31.624 
   77650    28.920 
   77700    30.335 
   77750    28.868 
   77800    29.424 
   77850    31.844 
   77900    34.392 
   77950    34.330 
   78000    31.758 
   78050    29.789 
   78100    30.454 
   78150    34.926 
   78200    33.385 
   78250    29.953 
   78300    31.231 
   78350    30.943 
   78400    30.225 
   78450    34.304 
   78500    34.664 
   78550    32.863 
   78600    33.396 
   78650    30.747 
   78700    28.035 
   78750    31.278 
   78800    32.729 
   78850    31.567 
   78900    33.115 
   78950    32.009 
   79000    30.206 
   79050    31.840 
   79100    32.394 
   79150    32.231 
   79200    30.402 
   79250    32.068 
   79300    32.170 
   79350    33.768 
   79400    32.658 
   79450    33.103 
   79500    32.359 
   79550    31.815 
   79600    34.323 
   79650    29.372 
   79700    30.345 
   79750    32.220 
   79800    31.837 
   79850    30.191 
   79900    31.875 
   79950    30.420 
   80000    28.904 
   80050    32.148 
   80100    33.385 
   80150    34.208 
   80200    33.439 
   80250    33.710 
   80300    31.622 
   80350    31.309 
   80400    31.487 
   80450    31.453 
   80500    29.627 
   80550    28.744 
   80600    35.035 
   80650    31.571 
   80700    29.142 
   80750    32.853 
   80800    31.748 
   80850    30.692 
   80900    31.142 
   80950    33.548 
   81000    35.730 
   81050    34.352 
   81100    31.219 
   81150    31.210 
   81200    29.073 
   81250    34.362 
   81300    33.224 
   81350    28.051 
   81400    26.650 
   81450    29.370 
   81500    32.146 
   81550    33.769 
   81600    34.885 
   81650    32.365 
   81700    29.669 
   81750    27.416 
   81800    31.794 
   81850    35.865 
   81900    34.157 
   81950    32.769 
   82000    30.746 
   82050    30.326 
   82100    32.569 
   82150    32.004 
   82200    34.555 
   82250    34.962 
   82300    34.045 
   82350    32.248 
   82400    31.597 
   82450    29.782 
   82500    28.403 
   82550    30.045 
   82600    35.169 
   82650    32.745 
   82700    32.644 
   82750    34.066 
   82800    32.221 
   82850    29.082 
   82900    31.692 
   82950    30.341 
   83000    31.695 
   83050    35.107 
   83100    33.726 
   83150    32.380 
   83200    30.338 
   83250    33.600 
   83300    30.690 
   83350    32.848 
   83400    35.573 
   83450    30.842 
   83500    33.357 
   83550    32.656 
   83600    28.546 
   83650    29.553 
   83700    33.493 
   83750    34.783 
   83800    31.291 
   83850    33.451 
   83900    29.798 
   83950    29.041 
   84000    34.032 
   84050    35.102 
   84100    31.989 
   84150    29.508 
   84200    30.428 
   84250    35.261 
   84300    34.094 
   84350    32.749 
   84400    30.320 
   84450    28.425 
   84500    31.296 
   84550    34.385 
   84600    34.180 
   84650    31.830 
   84700    35.173 
   84750    32.877 
   84800    30.467 
   84850    29.365 
   84900    31.895 
   84950    30.100 
   85000    29.900 
   85050    33.187 
   85100    33.471 
   85150    35.041 
   85200    33.995 
   85250    28.383 
   85300    30.988 
   85350    30.874 
   85400    30.736 
   85450    32.675 
   85500    35.186 
   85550    30.832 
   85600    29.908 
   85650    31.412 
   85700    32.159 
   85750    33.134 
   85800    34.669 
   85850    33.907 
   85900    32.670 
   85950    34.311 
   86000    32.662 
   86050    31.903 
   86100    31.698 
   86150    29.996 
   86200    32.237 
   86250    34.711 
   86300    32.717 
   86350    30.528 
   86400    32.132 
   86450    30.584 
   86500    31.667 
   86550    35.899 
   86600    31.260 
   86650    30.281 
   86700    31.105 
   86750    32.882 
   86800    32.820 
   86850    34.296 
   86900    27.347 
   86950    34.217 
   87000    35.615 
   87050    34.098 
   87100    31.758 
   87150    36.786 
   87200    31.007 
   87250    31.114 
   87300    32.263 
   87350    31.187 
   87400    29.880 
   87450    32.043 
   87500    31.515 
   87550    29.314 
   87600    30.980 
   87650    32.512 
   87700    32.332 
   87750    32.887 
   87800    31.716 
   87850    29.404 
   87900    29.270 
   87950    29.355 
   88000    32.721 
   88050    33.163 
   88100    35.381 
   88150    30.984 
   88200    31.752 
   88250    28.640 
   88300    30.771 
   88350    35.602 
   88400    35.002 
   88450    35.701 
   88500    30.309 
   88550    28.521 
   88600    27.381 
   88650    30.841 
   88700    32.039 
   88750    36.447 
   88800    36.259 
   88850    28.832 
   88900    29.470 
   88950    29.834 
   89000    32.488 
   89050    32.203 
   89100    34.294 
   89150    34.708 
   89200    34.515 
   89250    31.557 
   89300    31.448 
   89350    28.552 
   89400    32.218 
   89450    30.224 
   89500    32.657 
   89550    34.586 
   89600    36.005 
   89650    28.884 
   89700    29.622 
   89750    32.269 
   89800    34.652 
   89850    31.987 
   89900    29.685 
   89950    30.574 
   90000    29.182 
   90050    28.027 
   90100    33.409 
   90150    35.034 
   90200    35.417 
   90250    35.578 
   90300    33.651 
   90350    34.044 
   90400    31.625 
   90450    31.620 
   90500    29.659 
   90550    31.546 
   90600    33.150 
   90650    33.419 
   90700    34.803 
   90750    31.285 
   90800    30.426 
   90850    29.903 
   90900    32.014 
   90950    34.639 
   91000    33.900 
   91050    35.629 
   91100    33.636 
   91150    30.559 
   91200    28.217 
   91250    28.635 
   91300    29.594 
   91350    32.504 
   91400    31.300 
   91450    30.991 
   91500    32.180 
   91550    30.938 
   91600    31.343 
   91650    31.400 
   91700    33.505 
   91750    30.683 
   91800    29.183 
   91850    32.218 
   91900    31.481 
   91950    34.137 
   92000    33.906 
   92050    35.311 
   92100    30.790 
   92150    28.941 
   92200    30.525 
   92250    30.747 
   92300    33.950 
   92350    34.252 
   92400    34.417 
   92450    33.720 
   92500    33.282 
   92550    30.986 
   92600    31.590 
   92650    30.147 
   92700    33.750 
   92750    31.037 
   92800    33.503 
   92850    34.752 
   92900    32.094 
   92950    30.617 
   93000    31.989 
   93050    31.367 
   93100    32.858 
   93150    33.975 
   93200    35.398 
   93250    31.753 
   93300    31.073 
   93350    30.901 
   93400    30.350 
   93450    31.268 
   93500    29.763 
   93550    30.920 
   93600    33.509 
   93650    32.328 
   93700    33.312 
   93750    31.837 
   93800    31.288 
   93850    29.287 
   93900    30.138 
   93950    32.287 
   94000    31.859 
   94050    33.255 
   94100    32.463 
   94150    32.952 
   94200    34.121 
   94250    33.284 
   94300    31.034 
   94350    31.450 
   94400    31.903 
   94450    29.513 
   94500    31.060 
   94550    36.160 
   94600    33.472 
   94650    32.513 
   94700    31.970 
   94750    33.185 
   94800    30.451 
   94850    30.381 
   94900    31.957 
   94950    35.985 
   95000    33.385 
   95050    32.362 
   95100    30.415 
   95150    30.476 
   95200    27.595 
   95250    27.173 
   95300    28.376 
   95350    31.801 
   95400    31.679 
   95450    32.114 
   95500    31.121 
   95550    34.702 
   95600    32.761 
   95650    35.744 
   95700    33.690 
   95750    36.116 
   95800    28.870 
   95850    30.307 
   95900    29.170 
   95950    29.642 
   96000    30.033 
   96050    33.002 
   96100    31.825 
   96150    29.553 
   96200    32.870 
   96250    32.571 
   96300    35.008 
   96350    34.456 
   96400    31.814 
   96450    31.767 
   96500    29.828 
   96550    28.405 
   96600    29.029 
   96650    27.214 
   96700    27.324 
   96750    31.038 
   96800    35.536 
   96850    33.563 
   96900    32.588 
   96950    31.642 
   97000    27.895 
   97050    28.885 
   97100    37.793 
   97150    33.934 
   97200    34.434 
   97250    35.873 
   97300    33.796 
   97350    31.460 
   97400    31.451 
   97450    33.734 
   97500    29.514 
   97550    30.765 
   97600    28.837 
   97650    30.503 
   97700    33.657 
   97750    31.042 
   97800    32.404 
   97850    29.482 
   97900    33.382 
   97950    33.669 
   98000    29.183 
   98050    27.585 
   98100    28.961 
   98150    32.590 
   98200    32.245 
   98250    32.386 
   98300    34.239 
   98350    36.134 
   98400    31.941 
   98450    32.959 
   98500    29.382 
   98550    31.234 
   98600    28.543 
   98650    28.013 
   98700    27.885 
   98750    34.110 
   98800    34.502 
   98850    34.329 
   98900    28.617 
   98950    30.890 
   99000    30.144 
   99050    29.642 
   99100    34.561 
   99150    33.304 
   99200    33.516 
   99250    33.779 
   99300    33.785 
   99350    30.366 
   99400    28.646 
   99450    29.755 
   99500    33.552 
   99550    33.716 
   99600    34.940 
   99650    31.745 
   99700    28.613 
   99750    32.186 
   99800    32.044 
   99850    33.018 
   99900    33.456 
   99950    34.890 
